#START#
-0,06882011|-0,03809902|0,4443789
-0,058292|-0,08269842|0,4384606
-0,08120269|-0,07444371|0,4412415
-0,1164226|-0,05404921|0,4544924
-0,1273381|-0,02956577|0,4709923
-0,1348614|-0,01614235|0,4808265
-0,07214876|-0,06952865|0,4418263
-0,1039295|-0,01700851|0,4358601
-0,120456|0,02162785|0,438381
-0,1294589|0,04266939|0,4412992
-0,1335188|0,05628728|0,4422825
-0,06506316|-0,06778537|0,4436598
-0,08386144|-0,009275137|0,4399956
-0,09845789|0,03633561|0,4426593
-0,1049029|0,06012117|0,4436489
-0,1083486|0,0754614|0,4444144
-0,05583272|-0,06506272|0,4465342
-0,06682816|-0,006380331|0,4503373
-0,07424839|0,0341252|0,451436
-0,07754248|0,05582082|0,4527836
-0,0787707|0,07237691|0,4522669
-0,04837763|-0,06453732|0,4512635
-0,05063938|-0,01091813|0,4622557
-0,05409729|0,01647167|0,4684534
-0,05536583|0,03139488|0,4766597
-0,05874718|0,0428265|0,4831977
#END#
#START#
0,1054937|-0,02412885|0,471691
0,1089171|-0,06868964|0,4581305
0,09133118|-0,05989755|0,4716097
0,07138252|-0,04099109|0,5045326
0,07239168|-0,02002054|0,5290561
0,07330595|-0,008625066|0,5430369
0,09955063|-0,05517953|0,4683032
0,07195626|-0,001201439|0,4818935
0,05856251|0,03792143|0,4908737
0,05198746|0,05923899|0,4969539
0,04895807|0,07292732|0,499538
0,1065665|-0,05371767|0,4668616
0,09232537|0,005481741|0,4766375
0,08478542|0,0510905|0,4882574
0,08179735|0,07477038|0,4945904
0,08054421|0,08989342|0,4988159
0,1160085|-0,05145639|0,465422
0,1128742|0,006116087|0,4783659
0,1139038|0,04488178|0,4902011
0,1154383|0,06472573|0,4993464
0,1170203|0,0803946|0,5046965
0,1248298|-0,05160834|0,4660749
0,1320466|-0,0002903048|0,4813016
0,1355716|0,02342916|0,4947268
0,1398549|0,03562983|0,505583
0,1412059|0,04527821|0,5150671
#END#
#START#
-0,005400243|-0,1827774|0,4515257
0,007397199|-0,2234936|0,43378
-0,01509027|-0,218046|0,4397689
-0,04912736|-0,2053055|0,4625202
-0,05982934|-0,1880017|0,4872456
-0,06613682|-0,1787858|0,5015281
-0,006588419|-0,2126897|0,4410611
-0,04226144|-0,1628519|0,4504206
-0,06190904|-0,1271002|0,459982
-0,07256567|-0,1081579|0,467645
-0,07774623|-0,09551302|0,4716626
0,0003170268|-0,2108953|0,4429486
-0,02217491|-0,1546694|0,4552678
-0,03644723|-0,1114726|0,4677624
-0,04359886|-0,08948383|0,4762315
-0,04762524|-0,07538594|0,4819904
0,009344894|-0,2082547|0,4459879
-0,004642769|-0,1535747|0,4653796
-0,01333633|-0,1164737|0,4789772
-0,01844522|-0,09833807|0,4901202
-0,02144115|-0,08377913|0,4976335
0,01707175|-0,2083594|0,4502883
0,01220725|-0,1602|0,4752007
0,006916531|-0,1386096|0,4907264
0,003882496|-0,1298927|0,5049419
-0,001029598|-0,124054|0,5162008
#END#
#START#
-0,06473584|-0,02461783|0,484712
-0,0524901|-0,06622645|0,4690024
-0,07476781|-0,06128077|0,4771263
-0,1085617|-0,04911392|0,5003753
-0,1212685|-0,0324417|0,523665
-0,1304562|-0,02395032|0,5371199
-0,06629843|-0,05543115|0,477162
-0,1026518|-0,00616767|0,486783
-0,1222398|0,03167681|0,4905151
-0,1325158|0,05213129|0,4935108
-0,1374411|0,06546858|0,4942543
-0,05917355|-0,05317975|0,4780335
-0,08270206|0,003491413|0,4882769
-0,09899981|0,04820786|0,4940892
-0,1062536|0,07175499|0,4959724
-0,1102108|0,08693721|0,4972472
-0,04982772|-0,04991096|0,4797085
-0,06349748|0,007011103|0,4951446
-0,07101151|0,04693794|0,4965332
-0,07415198|0,06868766|0,4980799
-0,07572854|0,08524498|0,4977493
-0,04164579|-0,04937286|0,4830205
-0,04321335|0,0004208117|0,5017176
-0,03613427|0,02797575|0,5045493
-0,02996104|0,04454991|0,5052294
-0,0270009|0,05783623|0,5055282
#END#
#START#
-0,1474222|0,07166778|0,4515643
-0,1293134|0,02898733|0,4430764
-0,1537521|0,03330416|0,4467339
-0,1927737|0,04421386|0,4602403
-0,2123407|0,06098996|0,4772557
-0,2262542|0,06897903|0,4865061
-0,1457276|0,03988847|0,4475623
-0,1861441|0,08668258|0,4449545
-0,2081427|0,123047|0,4377793
-0,219755|0,1427644|0,4345945
-0,2253303|0,155545|0,431719
-0,1389403|0,04288953|0,4492939
-0,1672903|0,09823644|0,4484132
-0,1855962|0,1423566|0,4441871
-0,1935628|0,1654994|0,4405017
-0,1980066|0,1804458|0,4383467
-0,130137|0,0471569|0,4520611
-0,1499085|0,1041336|0,4577591
-0,1598187|0,143037|0,4521553
-0,1645239|0,1644389|0,4503134
-0,1669559|0,1805891|0,4472856
-0,1226812|0,04873878|0,4565619
-0,1308836|0,1005086|0,4677732
-0,1274347|0,1292951|0,4652017
-0,123567|0,146537|0,4649216
-0,1225435|0,1601004|0,4646639
#END#
#START#
0,06987885|0,01486739|0,4554734
0,07198211|-0,02960676|0,4511188
0,05236885|-0,01860804|0,4547837
0,0229868|0,004225311|0,4743902
0,02051158|0,0287966|0,496326
0,02984257|0,03923874|0,5058253
0,06168136|-0,01487395|0,4544816
0,03880767|0,04208799|0,4485902
0,03045686|0,08245528|0,456474
0,02593992|0,1036779|0,4640924
0,02459362|0,1173638|0,4677999
0,06887711|-0,01414201|0,4556857
0,05964213|0,04157594|0,452237
0,04844803|0,06015255|0,4868412
0,04437076|0,03593549|0,4984766
0,04440508|0,02012017|0,4941224
0,07841477|-0,01274122|0,4576915
0,07622142|0,03734374|0,4616638
0,06364705|0,04563837|0,4950359
0,05958505|0,02408267|0,4935016
0,05994501|0,009579926|0,4830776
0,08628419|-0,01335738|0,4616774
0,09116459|0,03427357|0,4741621
0,08005077|0,03776938|0,4960747
0,07336807|0,02062422|0,4965392
0,06924533|0,009963149|0,4881361
#END#
#START#
-0,03435043|-0,09783699|0,4566061
-0,03324607|-0,1389499|0,4394869
-0,05278828|-0,1278362|0,4435901
-0,08293003|-0,1079427|0,4654796
-0,08481409|-0,08925411|0,4926096
-0,07739269|-0,08200764|0,5062167
-0,04336739|-0,1251042|0,445583
-0,06288195|-0,06725038|0,4537192
-0,07109787|-0,02822777|0,469375
-0,07539344|-0,007325332|0,4781766
-0,07632584|0,006079729|0,4828806
-0,03647083|-0,1254325|0,4479411
-0,0430316|-0,0703898|0,4602244
-0,06011005|-0,06040393|0,4963471
-0,06713416|-0,08600182|0,5014828
-0,06673499|-0,1001983|0,4931893
-0,02737422|-0,1255492|0,4516035
-0,02835767|-0,07857262|0,4703464
-0,04587663|-0,07854667|0,5026593
-0,05122942|-0,09859189|0,4954373
-0,05027789|-0,1101415|0,4818207
-0,02030658|-0,1279659|0,4563368
-0,01564951|-0,08637225|0,483289
-0,02947782|-0,08750606|0,5035331
-0,0373799|-0,1033293|0,4986103
-0,04082626|-0,1107447|0,4869694
#END#
#START#
-0,2087766|-0,2462312|0,4165175
-0,1906886|-0,2789657|0,3916123
-0,2133298|-0,2728894|0,3906056
-0,253089|-0,2647898|0,4036014
-0,2699268|-0,255604|0,4303648
-0,2731496|-0,2515421|0,4469374
-0,2060001|-0,2694959|0,3965951
-0,2419064|-0,2213655|0,4102121
-0,2597836|-0,1875506|0,4311871
-0,2693643|-0,1697233|0,4423162
-0,27351|-0,157939|0,4491452
-0,200367|-0,2694425|0,4012564
-0,2252905|-0,2230255|0,4230993
-0,2537559|-0,2254829|0,4524715
-0,2573784|-0,252085|0,4498028
-0,2522815|-0,2639896|0,4397115
-0,1932008|-0,2692652|0,4079866
-0,2131496|-0,2315049|0,4359293
-0,2393413|-0,2431825|0,4589245
-0,2382694|-0,2614723|0,4468054
-0,2313389|-0,2698243|0,4326775
-0,1876539|-0,2718918|0,4143589
-0,2034493|-0,2411869|0,4501489
-0,2223459|-0,25132|0,4627598
-0,2245876|-0,2661442|0,4523219
-0,2227844|-0,2708088|0,4390487
#END#
#START#
-0,1250042|-0,2531542|0,4545594
-0,1148782|-0,2853314|0,4248312
-0,1367403|-0,2785282|0,429578
-0,1718194|-0,2698162|0,4523205
-0,1825707|-0,2616829|0,4823083
-0,1833974|-0,2582339|0,4994303
-0,1280616|-0,2756327|0,4337276
-0,1576187|-0,2269843|0,4573481
-0,1678467|-0,1923792|0,4820835
-0,173348|-0,1741266|0,4951334
-0,1749949|-0,1621883|0,5027136
-0,1214785|-0,2759655|0,4368875
-0,1384691|-0,2296323|0,4659078
-0,1582927|-0,2310588|0,5016682
-0,1645277|-0,2572324|0,5004472
-0,1633259|-0,2695419|0,48967
-0,11291|-0,2763149|0,4416807
-0,1239934|-0,238959|0,4752646
-0,1438612|-0,249545|0,5042737
-0,1476395|-0,2679196|0,4928558
-0,1456739|-0,2770481|0,4777085
-0,1061077|-0,2793956|0,4464222
-0,1114134|-0,249371|0,4863152
-0,1268207|-0,2579999|0,5038024
-0,1334642|-0,2729473|0,4959183
-0,1363832|-0,2786173|0,4832825
#END#
#START#
-0,05563405|-0,4280912|0,3812391
-0,04609752|-0,4441728|0,3402467
-0,06842933|-0,4427631|0,3490748
-0,1026126|-0,4464007|0,3740379
-0,1102541|-0,4508511|0,4054677
-0,106771|-0,4542615|0,4219977
-0,05942203|-0,4406736|0,3534499
-0,09001713|-0,4099323|0,3968669
-0,100709|-0,3923957|0,4348359
-0,1066692|-0,3847005|0,4557183
-0,1087987|-0,3787935|0,4684958
-0,05234371|-0,4412926|0,355681
-0,069713|-0,4132032|0,401769
-0,08443429|-0,4342882|0,4335164
-0,08746384|-0,4572143|0,4195465
-0,08617669|-0,4627103|0,4041735
-0,0430694|-0,4422959|0,3592361
-0,0532859|-0,4233584|0,4050882
-0,06763925|-0,4492463|0,4265769
-0,07055358|-0,4596356|0,4074228
-0,0695894|-0,4601249|0,3897375
-0,03546064|-0,4460256|0,3617844
-0,03849486|-0,435643|0,4100438
-0,05007183|-0,4538217|0,4218385
-0,05605923|-0,4639091|0,4078691
-0,0600731|-0,4638344|0,3943668
#END#
#START#
-0,03201264|-0,3075305|0,457797
-0,02688333|-0,3347665|0,4225891
-0,04797353|-0,3297017|0,4316426
-0,08038653|-0,3254641|0,4583525
-0,08538124|-0,3218605|0,4903843
-0,07954999|-0,3212899|0,5064878
-0,03865688|-0,3270759|0,4348135
-0,06414514|-0,2835212|0,4700632
-0,07156457|-0,2548798|0,500942
-0,07601621|-0,2420258|0,51962
-0,07744612|-0,2336327|0,5310796
-0,03148695|-0,327529|0,4367003
-0,04368788|-0,2865127|0,4745463
-0,05696111|-0,2947122|0,5122736
-0,06228934|-0,3206348|0,506922
-0,06236757|-0,3304712|0,4937788
-0,02204932|-0,3281242|0,4398275
-0,02752865|-0,2963634|0,4797173
-0,04142229|-0,3122352|0,5096169
-0,04665857|-0,3284967|0,4957997
-0,04722138|-0,3349134|0,47924
-0,01443847|-0,3315152|0,4427976
-0,01282942|-0,3076533|0,486732
-0,02397432|-0,319587|0,5049304
-0,03193294|-0,3334339|0,4962297
-0,03743403|-0,337669|0,4839553
#END#
#START#
-0,01031354|0,04481766|0,5079769
-0,008312155|0,0005831608|0,4989659
-0,02873676|0,01209397|0,505111
-0,05770956|0,03634544|0,5246789
-0,06010075|0,06138173|0,5449388
-0,05669768|0,0739651|0,5566721
-0,01905634|0,01547639|0,5045461
-0,04153728|0,07254557|0,5048703
-0,04529013|0,1156209|0,5100001
-0,04737328|0,1383945|0,5131601
-0,04716792|0,1526114|0,5138901
-0,01163793|0,01593421|0,5053765
-0,02062245|0,07226045|0,507838
-0,0289335|0,09224383|0,5425638
-0,03409837|0,07017703|0,5571431
-0,03556103|0,05403557|0,5545614
-0,001801909|0,01695846|0,5069577
-0,003626271|0,067411|0,5163611
-0,01325854|0,07620044|0,5505024
-0,01948526|0,05516152|0,5516261
-0,02169535|0,03952129|0,5434336
0,006229394|0,01595928|0,5105344
0,01215447|0,06275976|0,5273411
0,003477948|0,06647246|0,5499786
-0,004807908|0,05063054|0,5533631
-0,01135717|0,03966509|0,5473392
#END#
#START#
-0,2166245|0,05246377|0,4366034
-0,2067374|0,009041184|0,427198
-0,2290521|0,0181759|0,4256622
-0,2663475|0,03633475|0,4338052
-0,2811688|0,05758351|0,4529891
-0,2838805|0,0686977|0,4661233
-0,2203803|0,022581|0,4289489
-0,2473018|0,07763241|0,423384
-0,2547318|0,1203407|0,4273134
-0,2594615|0,1425889|0,4310032
-0,2605867|0,1566858|0,4326486
-0,2138653|0,02369134|0,4324658
-0,2289136|0,0787999|0,4337268
-0,2502197|0,09537698|0,464105
-0,2577551|0,07149154|0,4742511
-0,2565401|0,05565076|0,470135
-0,2054274|0,02551304|0,4375928
-0,2156623|0,07482743|0,4476219
-0,2371956|0,08040997|0,4763593
-0,2412183|0,05893204|0,4739781
-0,2389477|0,04383202|0,4649011
-0,199127|0,0249231|0,4437844
-0,2043246|0,07073308|0,4633481
-0,2203487|0,07229318|0,481557
-0,2280882|0,05584512|0,4815646
-0,2315235|0,04468644|0,4736773
#END#
#START#
0,01733142|0,02012991|0,4767686
0,02124411|-0,02228639|0,4634214
0,001015116|-0,01295322|0,4705102
-0,02825724|0,005981963|0,4931512
-0,03193525|0,0271566|0,5170255
-0,02737325|0,03766192|0,5297152
0,01020108|-0,008949392|0,4703159
-0,01465157|0,04582624|0,4768683
-0,01987054|0,08770163|0,4834487
-0,02263587|0,109503|0,4883117
-0,02295923|0,1236661|0,4901123
0,01742593|-0,008114052|0,4711522
0,006083927|0,04649868|0,4795326
-0,001580409|0,06321433|0,5153189
-0,005576796|0,04067776|0,5283502
-0,006750941|0,02474896|0,5249328
0,02697415|-0,006649246|0,4727522
0,0231573|0,04190326|0,4872213
0,01446624|0,04804274|0,5214583
0,008984378|0,02728251|0,521831
0,006801444|0,01197949|0,5133151
0,03496627|-0,007609983|0,4760335
0,03912183|0,03700933|0,4969635
0,03144012|0,03914302|0,5195571
0,0238458|0,02344804|0,5229212
0,01730856|0,01265165|0,5170894
#END#
#START#
0,2183414|-0,08604653|0,4212205
0,2085412|-0,1243264|0,3999369
0,1945601|-0,1150517|0,4158837
0,1788934|-0,1012629|0,4513904
0,1871325|-0,08828713|0,479459
0,1982193|-0,08259425|0,4910179
0,2036297|-0,1119916|0,4129482
0,194423|-0,05798858|0,4390909
0,1993243|-0,01886621|0,4553261
0,2022938|0,001391146|0,4647852
0,2050959|0,01464577|0,4693342
0,2106748|-0,1120836|0,410939
0,2143492|-0,05999728|0,4330503
0,2237842|-0,05046416|0,4714429
0,2217111|-0,07382797|0,4830537
0,2168158|-0,08894502|0,479339
0,2202455|-0,1119991|0,4087738
0,2318875|-0,06795513|0,4321242
0,2380675|-0,06784161|0,4675268
0,2298019|-0,0876449|0,4675828
0,2219004|-0,1005947|0,4584725
0,2285321|-0,1145771|0,4082142
0,2490778|-0,07665823|0,4332155
0,2513096|-0,07795839|0,4570426
0,2432024|-0,09307253|0,4615143
0,2331544|-0,1019741|0,4579572
#END#
#START#
0,1898946|-0,196971|0,4281967
0,1789323|-0,2293586|0,3991705
0,164535|-0,2216782|0,4160093
0,1487809|-0,211768|0,4531248
0,1584319|-0,2032891|0,4827107
0,1700335|-0,2003725|0,4947756
0,1740028|-0,2191159|0,4141034
0,1668873|-0,1704067|0,4493133
0,1729216|-0,1366213|0,4740441
0,1765918|-0,1198298|0,4887418
0,1800071|-0,1089229|0,4973761
0,1811168|-0,2195948|0,4125904
0,1870195|-0,1734066|0,4444693
0,1931913|-0,1734267|0,4845383
0,1875695|-0,1986223|0,4893044
0,1816842|-0,2113637|0,4809249
0,1907596|-0,2201384|0,4111458
0,2037359|-0,1829799|0,4431918
0,2061917|-0,1917381|0,477944
0,1959653|-0,209681|0,4720933
0,187877|-0,2187874|0,4592534
0,198808|-0,2234075|0,4107356
0,2198862|-0,1936411|0,4439655
0,2192764|-0,2011707|0,4666373
0,2088828|-0,2155635|0,4655269
0,1985101|-0,2213003|0,458223
#END#
#START#
-0,0857246|-0,1748124|0,4578271
-0,08160483|-0,2076446|0,4273863
-0,1019872|-0,1978506|0,4331464
-0,1347464|-0,1846522|0,4551579
-0,143492|-0,1755107|0,4847067
-0,1429346|-0,1723763|0,5015978
-0,09292431|-0,1962475|0,4369825
-0,1137789|-0,1452709|0,4621595
-0,120142|-0,1103488|0,4854321
-0,1236754|-0,09229663|0,4984758
-0,1242085|-0,08037916|0,506339
-0,08632179|-0,1974453|0,4398067
-0,09493996|-0,1500102|0,46988
-0,1129885|-0,1456801|0,5060943
-0,1234319|-0,1695155|0,5088828
-0,1249933|-0,182826|0,4994898
-0,07771257|-0,1989315|0,4441215
-0,08157636|-0,1608905|0,4786103
-0,1001483|-0,1651616|0,5089699
-0,1074501|-0,1830986|0,4997778
-0,1075281|-0,1927167|0,4848169
-0,0712614|-0,2029263|0,4483629
-0,06981353|-0,1726723|0,4883208
-0,08367945|-0,1764022|0,5073074
-0,09331936|-0,1902088|0,5017585
-0,09825055|-0,1959058|0,4899765
#END#
#START#
-0,17791|-0,1338927|0,4640487
-0,1637822|-0,1674363|0,4375321
-0,1861256|-0,1600387|0,4384169
-0,2242418|-0,149864|0,4512922
-0,2398323|-0,1401826|0,4776535
-0,2414173|-0,1364124|0,4941781
-0,1782486|-0,1570782|0,4438852
-0,2095447|-0,1080752|0,4606502
-0,2232894|-0,07332779|0,4805136
-0,2313573|-0,0560569|0,4925286
-0,2348888|-0,04446568|0,5001117
-0,172203|-0,1572405|0,4480371
-0,1921743|-0,1099963|0,4721456
-0,2166448|-0,1069252|0,5041313
-0,2240576|-0,1320873|0,5055668
-0,2222369|-0,1457529|0,4968067
-0,164463|-0,1573512|0,4540552
-0,1796204|-0,1186957|0,4839677
-0,2029442|-0,1250495|0,5104149
-0,2059681|-0,1439843|0,5007687
-0,202455|-0,1545179|0,4869942
-0,1585686|-0,1602374|0,4597561
-0,1688052|-0,1285144|0,4966087
-0,1856849|-0,134553|0,5125138
-0,192271|-0,149673|0,5059582
-0,1944206|-0,1567194|0,4941521
#END#
#START#
-0,05583977|-0,1161277|0,5749302
-0,05438146|-0,1507214|0,5483462
-0,07447306|-0,1428387|0,5563465
-0,1052738|-0,1297288|0,5804577
-0,1081744|-0,1174543|0,6097869
-0,1009493|-0,1133621|0,6244559
-0,06493936|-0,1400858|0,5582957
-0,08564989|-0,08872364|0,582439
-0,09002541|-0,05251804|0,6039488
-0,0924552|-0,03422858|0,6168089
-0,09239896|-0,02190118|0,6240134
-0,05769712|-0,1404412|0,5597985
-0,06528777|-0,09126908|0,586455
-0,07587991|-0,08721742|0,6251005
-0,08253076|-0,1125056|0,6283925
-0,08400377|-0,1255308|0,6185718
-0,0481623|-0,1406936|0,5623999
-0,04945621|-0,1002746|0,5929329
-0,06108611|-0,1060528|0,6259047
-0,06726447|-0,1241482|0,6160989
-0,06853659|-0,1330717|0,6008356
-0,04064068|-0,1436023|0,5656326
-0,03497292|-0,1101541|0,6012494
-0,04438549|-0,1159467|0,6215678
-0,0528699|-0,1304526|0,6152289
-0,05834403|-0,1357535|0,6035115
#END#
#START#
-0,004314145|-0,1437091|0,4698319
-0,004141961|-0,1818043|0,4476549
-0,02349184|-0,1708312|0,4531172
-0,05290795|-0,1518446|0,4758473
-0,05793755|-0,1360884|0,5034992
-0,05584991|-0,1291281|0,519137
-0,01404045|-0,1687422|0,4553962
-0,03152684|-0,1129351|0,4708534
-0,03506206|-0,07406129|0,4878099
-0,03689203|-0,05358167|0,4970944
-0,03638715|-0,04027548|0,5022707
-0,007184748|-0,169549|0,4576347
-0,01201119|-0,1168748|0,4771007
-0,02680428|-0,1074528|0,5139339
-0,03639429|-0,1309083|0,5206919
-0,03856103|-0,1454912|0,513645
0,001832433|-0,170345|0,4611658
0,002165294|-0,1263621|0,4861594
-0,01381266|-0,1269342|0,5185046
-0,02141757|-0,1459174|0,5119939
-0,02276253|-0,1576436|0,4987784
0,008697579|-0,1735084|0,4654513
0,0147144|-0,136086|0,497184
0,002360684|-0,1375845|0,5175475
-0,007378283|-0,1520984|0,5140169
-0,01300201|-0,1593659|0,5035235
#END#
#START#
0,1741823|-0,1375843|0,3976186
0,1670767|-0,1770133|0,3802179
0,1517394|-0,1659878|0,3921429
0,1370558|-0,1444602|0,4258367
0,140244|-0,1276208|0,452706
0,1390871|-0,1183316|0,4682363
0,1609679|-0,1636921|0,3900626
0,1483947|-0,1070297|0,4073283
0,1498491|-0,06748335|0,421874
0,1509643|-0,04696633|0,4314176
0,1527971|-0,03394379|0,4371359
0,1680212|-0,1642815|0,3894807
0,1689291|-0,1103161|0,4055567
0,1693954|-0,09842331|0,444436
0,1641608|-0,1218978|0,4550561
0,16007|-0,1367422|0,4495293
0,1775379|-0,1647246|0,3892338
0,1858554|-0,1189703|0,4088505
0,1834673|-0,1176262|0,4451566
0,1748322|-0,1372186|0,4439298
0,1689506|-0,1501153|0,4332699
0,1856567|-0,1674586|0,3906615
0,2020871|-0,1276527|0,4147355
0,1984627|-0,1280492|0,4387038
0,1887614|-0,1428951|0,4398012
0,1799586|-0,150464|0,4319333
#END#
#START#
0,1674241|-0,05175481|0,3829375
0,1649786|-0,09508469|0,3718987
0,1486133|-0,08430069|0,3822426
0,1310336|-0,06219347|0,4128982
0,1397634|-0,04010847|0,4354159
0,1494682|-0,02967467|0,4449803
0,1574143|-0,08107734|0,3797641
0,138071|-0,02374294|0,3887284
0,1332448|0,01561808|0,399271
0,1314133|0,03648749|0,407721
0,1313697|0,04999332|0,4124999
0,1644659|-0,08080882|0,3791434
0,1590533|-0,02111585|0,3855855
0,1572478|0,02296275|0,3986724
0,1569079|0,04373492|0,4122774
0,156255|0,05259016|0,4255161
0,1739416|-0,08006012|0,3787673
0,1774884|-0,02483042|0,3905409
0,1763908|0,002600146|0,411476
0,1724566|-0,01033951|0,4280095
0,1688944|-0,02756813|0,4313646
0,1823501|-0,08155026|0,3803531
0,1945013|-0,03270114|0,3962995
0,1921407|-0,01721698|0,4148283
0,1864852|-0,02775474|0,427524
0,1786642|-0,03945873|0,4281062
#END#
#START#
-0,02583085|-0,09517184|0,4266849
-0,0139416|-0,135651|0,4077251
-0,03639039|-0,1296033|0,4141471
-0,07016326|-0,1166409|0,4355778
-0,08162419|-0,1000094|0,4593728
-0,08946848|-0,09124048|0,4729834
-0,02781921|-0,124508|0,4154832
-0,0615766|-0,07509704|0,4264646
-0,07959851|-0,03861014|0,4353194
-0,08904495|-0,01898926|0,4411377
-0,09356003|-0,005742572|0,4439999
-0,0208939|-0,1228438|0,4172787
-0,04139753|-0,06722374|0,4308934
-0,05311453|-0,02281065|0,4410522
-0,05767016|0,0006488078|0,4447641
-0,06001095|0,01595117|0,4472808
-0,0118552|-0,1204119|0,4201855
-0,02379194|-0,06662883|0,4405051
-0,0296208|-0,02898716|0,4521668
-0,03230246|-0,00917568|0,4601029
-0,03332471|0,006739527|0,4645059
-0,00418737|-0,1207891|0,4242628
-0,007492894|-0,07408734|0,4497783
-0,01144305|-0,05239327|0,4656745
-0,01289832|-0,0420964|0,4787497
-0,01624388|-0,0341826|0,489051
#END#
#START#
-0,1296451|-0,08513657|0,4540334
-0,1127002|-0,1243918|0,4365694
-0,1360575|-0,1196157|0,4391969
-0,1736505|-0,1090827|0,4549815
-0,1909172|-0,09460974|0,4765829
-0,2022896|-0,08724286|0,4884788
-0,1281436|-0,1141372|0,4420846
-0,1657948|-0,06672634|0,4481975
-0,1864754|-0,03227411|0,4580475
-0,1977261|-0,01407818|0,4649896
-0,203309|-0,001477438|0,4687209
-0,1217252|-0,1121841|0,4450738
-0,1470458|-0,05814124|0,4561693
-0,1624368|-0,01508154|0,4666854
-0,1688734|0,007769278|0,4711753
-0,1724583|0,0227192|0,4742773
-0,1134603|-0,109396|0,4495266
-0,1313352|-0,05733502|0,4688429
-0,1407081|-0,02149472|0,4831129
-0,1457821|-0,002974648|0,49277
-0,1484687|0,01218987|0,4988285
-0,1065858|-0,109515|0,4548411
-0,1168566|-0,06434716|0,4806671
-0,1257777|-0,04575709|0,4979389
-0,1309821|-0,03807404|0,5118349
-0,137342|-0,03267869|0,5223408
#END#
#START#
-0,0469024|-0,0226645|0,5256531
-0,03840257|-0,06351594|0,5059989
-0,06074129|-0,05590667|0,5148302
-0,09261286|-0,03874334|0,5358109
-0,09464298|-0,01646582|0,5581537
-0,09150059|-0,005468407|0,571189
-0,051493|-0,0514286|0,5151008
-0,08120769|-0,000638463|0,5283253
-0,09202801|0,0381078|0,5417302
-0,09768801|0,0588968|0,5484101
-0,09981415|0,07268662|0,5514418
-0,04416481|-0,05017428|0,5160809
-0,06075488|0,005270936|0,5310807
-0,07162834|0,04747005|0,5496573
-0,07608581|0,0694965|0,5584099
-0,07835179|0,08393214|0,5641062
-0,03455693|-0,04824748|0,5179361
-0,04312711|0,001778775|0,5400074
-0,05101199|0,02130279|0,5712146
-0,0575197|0,01380691|0,5900505
-0,06234689|0,006323688|0,604414
-0,0265571|-0,04893924|0,5212746
-0,02727368|-0,004430703|0,5483696
-0,0369363|0,005382654|0,5719233
-0,04255655|0,002855575|0,5870422
-0,04925095|-8,600678E-05|0,5982968
#END#
#START#
0,05302205|-0,09236326|0,4076662
0,0576333|-0,1341777|0,3910574
0,03713445|-0,1242455|0,3978156
0,00991662|-0,1020929|0,4215358
0,009918423|-0,07970202|0,4443279
0,009366318|-0,06757964|0,4574418
0,04642973|-0,120855|0,3982512
0,02173957|-0,06608872|0,4069582
0,01839778|-0,02580434|0,42053
0,01652065|-0,004428118|0,4274422
0,01689606|0,009480622|0,430648
0,05345874|-0,1204132|0,3997597
0,04241211|-0,06264916|0,410819
0,03603437|-0,01849028|0,4270876
0,03399987|0,004505407|0,4344802
0,03308215|0,01923946|0,4398131
0,06271216|-0,1194851|0,4022955
0,05810051|-0,06769991|0,421131
0,04700444|-0,04760047|0,4476738
0,03936851|-0,06468219|0,4581848
0,03569642|-0,08176281|0,4597176
0,07030898|-0,1209104|0,4062667
0,07197142|-0,07584044|0,431511
0,05828581|-0,06887797|0,4519453
0,05113582|-0,08433808|0,4567438
0,0464123|-0,09649707|0,4519618
#END#
#START#
0,1272946|-0,1264981|0,3697024
0,1239588|-0,1680118|0,3523438
0,1074279|-0,157202|0,3630387
0,09047975|-0,1366386|0,3955117
0,1008389|-0,1170376|0,4197027
0,1094633|-0,1074699|0,4314079
0,1164782|-0,1543662|0,3615441
0,09915561|-0,09762479|0,3764602
0,1001972|-0,05731491|0,3901127
0,100653|-0,03563662|0,3963813
0,1022598|-0,02167125|0,3988829
0,1234879|-0,1544833|0,3615791
0,1203217|-0,09588362|0,3754367
0,1199418|-0,05114656|0,3913146
0,1207313|-0,02815887|0,3988698
0,1217342|-0,01343345|0,404214
0,1329007|-0,1543246|0,3621378
0,1376598|-0,1021029|0,3817931
0,1348596|-0,07929431|0,4087814
0,1284938|-0,09330879|0,4237121
0,1235982|-0,109046|0,4295638
0,1410351|-0,1565296|0,3642444
0,1530424|-0,1115078|0,3884011
0,146411|-0,1003912|0,4105715
0,1391468|-0,1126123|0,4208862
0,1314591|-0,1241043|0,4212835
#END#
#START#
-0,003411337|-0,1982262|0,4051858
0,001367306|-0,2365316|0,3822157
-0,01885378|-0,2267761|0,3873557
-0,04796325|-0,2088261|0,4119462
-0,04832987|-0,1918638|0,4396627
-0,04608955|-0,1835969|0,4549305
-0,00977665|-0,2241308|0,3897842
-0,03287451|-0,1698194|0,4048663
-0,0379758|-0,1327834|0,4246874
-0,04075056|-0,1131307|0,4353526
-0,04075694|-0,1001589|0,4413194
-0,003173822|-0,2244859|0,3923911
-0,01294281|-0,1687562|0,4122651
-0,02053561|-0,1280825|0,4353776
-0,02344544|-0,1071422|0,4472748
-0,02521866|-0,09403592|0,4557459
0,005470179|-0,2247032|0,396422
0,0007994028|-0,1766982|0,423639
-0,01304951|-0,1604771|0,4516673
-0,02346558|-0,1779726|0,4584303
-0,02885409|-0,194579|0,4573481
0,01226541|-0,2273984|0,4011183
0,01269261|-0,1875337|0,4341895
-0,002562638|-0,1825079|0,4535473
-0,01180059|-0,1974681|0,4553321
-0,01728984|-0,2083087|0,4486606
#END#
#START#
-0,09903756|-0,2059357|0,6131321
-0,09132587|-0,2353024|0,5797703
-0,1122555|-0,2306905|0,5885668
-0,141525|-0,2257064|0,6184388
-0,1449881|-0,2187187|0,6494316
-0,1472322|-0,2151806|0,6667753
-0,1034433|-0,2273544|0,5912168
-0,1319543|-0,1836341|0,6227464
-0,1377881|-0,1530246|0,6521188
-0,1409568|-0,1365507|0,6671948
-0,1413893|-0,1252418|0,6759008
-0,09661672|-0,2273054|0,5932227
-0,111452|-0,1816192|0,6288624
-0,1189976|-0,1511585|0,6644453
-0,1213751|-0,1340572|0,6813927
-0,1222993|-0,1230138|0,6924905
-0,0876331|-0,2271862|0,5965161
-0,09559879|-0,1900757|0,6365312
-0,106952|-0,1855668|0,6697847
-0,1147631|-0,2051682|0,6735055
-0,1193966|-0,2216603|0,6709752
-0,08006127|-0,2299226|0,5997998
-0,08127923|-0,2011394|0,6426889
-0,09403679|-0,2042281|0,6642119
-0,1017591|-0,2199333|0,66493
-0,1080238|-0,2304302|0,6586719
#END#
#START#
-0,08879219|0,07089709|0,5496522
-0,0831505|0,02852128|0,5329291
-0,1035996|0,03808551|0,5405598
-0,1291355|0,05875092|0,5671953
-0,1270312|0,08090022|0,5905252
-0,1258559|0,09282857|0,6036865
-0,094609|0,04186391|0,5404832
-0,1209979|0,09588496|0,5500712
-0,1272318|0,1357632|0,5634948
-0,1305098|0,1572142|0,5696921
-0,1310703|0,1712217|0,5724024
-0,08768091|0,04261606|0,5416837
-0,1002117|0,1001152|0,5528923
-0,1072392|0,1443514|0,5690423
-0,1094275|0,1675535|0,5755044
-0,1102227|0,1826235|0,5797744
-0,07849034|0,04393132|0,54383
-0,08368841|0,09578185|0,5624478
-0,09319659|0,1161301|0,5895796
-0,1002059|0,1000714|0,6019496
-0,1041683|0,08360428|0,6060842
-0,0706456|0,04278497|0,5474211
-0,06883293|0,08835986|0,5720148
-0,08033417|0,09622216|0,5928752
-0,08745649|0,08177722|0,6000528
-0,09324291|0,06942035|0,5978865
#END#
#START#
-0,3170391|0,009613327|0,418825
-0,3019806|-0,03116947|0,4065824
-0,3237338|-0,02281388|0,4024294
-0,3604172|-0,003625485|0,4111022
-0,3721152|0,01775947|0,4320485
-0,3786647|0,02921331|0,4439849
-0,3161479|-0,01886074|0,4072633
-0,3458176|0,03398343|0,4030111
-0,3594649|0,07288124|0,4138925
-0,3663208|0,09377699|0,4189323
-0,36876|0,1075328|0,4218818
-0,3108552|-0,01804409|0,4119658
-0,3298937|0,03822115|0,4165784
-0,3478117|0,07978015|0,4307769
-0,3555225|0,1015223|0,4378377
-0,3600048|0,115715|0,442782
-0,3041576|-0,01663331|0,4186729
-0,3206817|0,03336708|0,433137
-0,3450273|0,04945579|0,4530415
-0,3554178|0,03129649|0,4577694
-0,3592359|0,01433591|0,4575661
-0,2993439|-0,01774693|0,425831
-0,3129134|0,02568317|0,4489231
-0,3346178|0,02902508|0,4610446
-0,3417567|0,01281838|0,4609125
-0,3432398|0,0007903589|0,4542814
#END#
#START#
-0,2435066|-0,1078311|0,2992248
-0,2223355|-0,14655|0,2872546
-0,2437306|-0,138914|0,2780243
-0,282287|-0,1236936|0,2724251
-0,3034813|-0,1060833|0,2867059
-0,3162074|-0,09660137|0,2949413
-0,237923|-0,1349727|0,2853816
-0,2696938|-0,08381096|0,2791312
-0,2881989|-0,04721445|0,2891902
-0,2986382|-0,02814398|0,2950189
-0,3034333|-0,01529244|0,2989833
-0,2337449|-0,1342677|0,2914671
-0,2577098|-0,07989288|0,2964303
-0,2806155|-0,04066007|0,3089057
-0,2918653|-0,02056875|0,3159889
-0,2988345|-0,007472707|0,321089
-0,2286732|-0,1331169|0,299881
-0,2522698|-0,08570849|0,3142916
-0,2811015|-0,07221052|0,3289073
-0,290833|-0,09132183|0,3295954
-0,2929152|-0,1084161|0,3270102
-0,2255651|-0,1346785|0,3078519
-0,2477531|-0,09441709|0,3307198
-0,2716678|-0,09244938|0,3374865
-0,2778904|-0,1087894|0,3347504
-0,2774798|-0,1204407|0,3273775
#END#
#START#
-0,3614908|-0,2012155|0,1993808
-0,3277533|-0,2317128|0,1940993
-0,3459991|-0,2278273|0,1784227
-0,3844355|-0,2209245|0,162748
-0,4121535|-0,2096663|0,1740724
-0,4265279|-0,2042869|0,1825596
-0,3441928|-0,2238273|0,1874333
-0,3844445|-0,1810954|0,1722805
-0,4134814|-0,1506659|0,1772135
-0,4296022|-0,1352157|0,1800247
-0,4384453|-0,1243468|0,1827704
-0,3427923|-0,2231551|0,1945504
-0,3808236|-0,1770167|0,1930395
-0,4146502|-0,1448901|0,1980119
-0,4323093|-0,1287622|0,2014481
-0,4439616|-0,1186182|0,2042399
-0,3415363|-0,2222137|0,2041639
-0,3808005|-0,1838767|0,2113795
-0,414859|-0,1777305|0,2151255
-0,4200679|-0,1982001|0,2113491
-0,4173814|-0,2149496|0,2073419
-0,3411218|-0,2242223|0,2126144
-0,3800324|-0,1939066|0,2277163
-0,4046096|-0,1975574|0,2253505
-0,4058736|-0,2142482|0,2196828
-0,4001535|-0,2244096|0,2122571
#END#
#START#
-0,04470516|-0,2326428|0,4750447
-0,03443959|-0,2636482|0,4428103
-0,05651301|-0,2566367|0,4481727
-0,09161374|-0,2480742|0,468783
-0,1005433|-0,2401492|0,4981059
-0,1027239|-0,2367743|0,5151235
-0,04785912|-0,2541306|0,4525248
-0,07650493|-0,2073986|0,4790847
-0,08626997|-0,1748173|0,5048654
-0,09113914|-0,1569674|0,5177975
-0,09243698|-0,1449801|0,5254456
-0,0412824|-0,2546261|0,4556532
-0,05728833|-0,2067413|0,4883688
-0,069677|-0,1729705|0,5190505
-0,07507932|-0,1556388|0,5349649
-0,07815123|-0,1445711|0,5456552
-0,03275421|-0,2552463|0,4603641
-0,04353884|-0,2159056|0,4987911
-0,05945477|-0,2056792|0,5284249
-0,06973|-0,2240719|0,5324246
-0,07495873|-0,2404339|0,5293861
-0,02606666|-0,2586112|0,4647856
-0,03120534|-0,2280349|0,5071653
-0,04699384|-0,2259889|0,5268865
-0,05676872|-0,2404546|0,5284775
-0,06323543|-0,2507958|0,5220276
#END#
#START#
-0,02861956|-0,1818599|0,4676085
-0,02112047|-0,218384|0,4415576
-0,04227577|-0,2090252|0,4449334
-0,07686955|-0,1947543|0,4629216
-0,08615439|-0,1818745|0,490413
-0,08789387|-0,1759399|0,5066821
-0,03352939|-0,2065203|0,4490536
-0,05819128|-0,1536721|0,4667568
-0,06628369|-0,1188495|0,4882106
-0,07130326|-0,1013896|0,5014324
-0,07269498|-0,08957519|0,5093288
-0,02705745|-0,2070319|0,4523846
-0,03903496|-0,1531602|0,4762167
-0,04900637|-0,1156106|0,5015296
-0,05535315|-0,09850859|0,5174226
-0,05965291|-0,08826899|0,5285555
-0,01867101|-0,2075467|0,4573392
-0,02617787|-0,1615187|0,4883012
-0,04119581|-0,1454441|0,5155289
-0,05287289|-0,162302|0,5218107
-0,05932542|-0,1784796|0,5210859
-0,01234163|-0,2106576|0,4624176
-0,01486763|-0,1730542|0,4988575
-0,0298981|-0,1665996|0,5177225
-0,04097979|-0,1795953|0,5216396
-0,04861178|-0,1901807|0,5172418
#END#
#START#
0,01381648|-0,01891927|0,4669617
0,02395644|-0,06109091|0,4591103
0,001743831|-0,0538545|0,4625186
-0,03403123|-0,03738307|0,4750835
-0,04430601|-0,01410112|0,4942677
-0,03962436|-0,002606238|0,5055447
0,01057534|-0,04872872|0,4631982
-0,02070518|0,001798349|0,461055
-0,03665936|0,01839083|0,4861731
-0,03475844|0,004672938|0,5038654
-0,02933996|-0,00991038|0,5062087
0,01771394|-0,0469175|0,4648205
-0,000536265|0,005084314|0,4654028
-0,01659809|0,01492492|0,5008196
-0,01476667|-0,01113012|0,5063616
-0,01055941|-0,02413331|0,4972329
0,02696505|-0,04413529|0,4673758
0,01584362|0,003234702|0,4753226
0,001983439|0,005874191|0,5079387
0,00157097|-0,01496197|0,5027184
0,004665479|-0,02641089|0,489404
0,03447387|-0,043742|0,4717157
0,03054025|0,001342144|0,4879995
0,02022727|0,0001137706|0,5085593
0,01651103|-0,01729532|0,5047387
0,01467702|-0,02589267|0,4938109
#END#
#START#
0,150875|-0,08955432|0,4581983
0,1536133|-0,1290852|0,4371902
0,1352188|-0,1225861|0,4501886
0,1101146|-0,1107843|0,4807727
0,112615|-0,09370188|0,50799
0,1242479|-0,08587394|0,516974
0,1439279|-0,1177443|0,4487256
0,1186406|-0,06810621|0,4702964
0,1152359|-0,05861853|0,5029129
0,122004|-0,07655365|0,5146449
0,1262352|-0,09130093|0,5112057
0,1511529|-0,1163536|0,4480494
0,1392282|-0,06585827|0,4675252
0,1383563|-0,0635487|0,5076247
0,1392409|-0,09011752|0,5082502
0,138397|-0,1015175|0,4964439
0,1607672|-0,1142741|0,4476723
0,1578503|-0,06981493|0,4701761
0,1569453|-0,07279433|0,50568
0,1528317|-0,0927893|0,4990761
0,1497462|-0,10254|0,4844536
0,1693429|-0,1150039|0,4488533
0,1758941|-0,07471187|0,4754463
0,1735734|-0,07916827|0,4982644
0,167347|-0,09580211|0,4953379
0,1605747|-0,1033023|0,4856311
#END#
#START#
-0,06019574|-0,1127221|0,484041
-0,04636186|-0,1492701|0,4628233
-0,06945301|-0,1449724|0,4671542
-0,1072818|-0,1367446|0,4809634
-0,120503|-0,1225844|0,5060322
-0,1154665|-0,1157766|0,5203484
-0,06108719|-0,1397859|0,4701295
-0,09607252|-0,0933659|0,483512
-0,1137397|-0,08239447|0,5103962
-0,1125954|-0,09990665|0,5242923
-0,1068053|-0,1145637|0,5226324
-0,05412545|-0,138132|0,4726666
-0,0762995|-0,09053082|0,489823
-0,09277883|-0,09278798|0,5259539
-0,09007232|-0,1191476|0,5224329
-0,08531072|-0,1278135|0,5092694
-0,04513839|-0,1357486|0,4765265
-0,06016105|-0,09448541|0,4994708
-0,0748244|-0,1028444|0,5307599
-0,07432605|-0,1214179|0,5199918
-0,07055312|-0,1287379|0,5041905
-0,03779359|-0,136369|0,4811212
-0,04565918|-0,09965503|0,5113867
-0,05664253|-0,1081712|0,5302564
-0,05963585|-0,1241523|0,5223584
-0,06118596|-0,1302571|0,5098894
#END#
#START#
-0,04526066|-0,1288231|0,5785998
-0,03904243|-0,1613871|0,549834
-0,05982794|-0,1582102|0,5601636
-0,09205642|-0,15309|0,5852838
-0,1001926|-0,1447859|0,6148174
-0,09499701|-0,1404682|0,6302373
-0,05086108|-0,1535041|0,5616081
-0,0792255|-0,1098301|0,5905508
-0,08821405|-0,1087371|0,6245455
-0,08481926|-0,1277916|0,6362442
-0,08049466|-0,1425367|0,6345885
-0,04347571|-0,152261|0,5624382
-0,0584306|-0,1080216|0,5915056
-0,0656722|-0,1186303|0,6295597
-0,06429611|-0,1436275|0,6204234
-0,06306004|-0,1490837|0,6049166
-0,03375724|-0,1504677|0,5641278
-0,04047317|-0,1133907|0,595719
-0,04694389|-0,1279069|0,6275696
-0,04962029|-0,1434729|0,6130486
-0,05002407|-0,146028|0,5953439
-0,0254906|-0,15177|0,566464
-0,02345276|-0,120135|0,6026562
-0,02866451|-0,1311325|0,6216261
-0,03428586|-0,1443388|0,6104305
-0,03883909|-0,1455351|0,5971286
#END#
#START#
-0,006597723|-0,1016509|0,4297669
-0,0001110695|-0,1385672|0,4039294
-0,02207474|-0,1289087|0,4089713
-0,05706855|-0,1126906|0,4242528
-0,06816001|-0,09797227|0,4504061
-0,06326754|-0,09351173|0,4657194
-0,01280969|-0,1262021|0,41251
-0,03714219|-0,07495686|0,4305661
-0,05449745|-0,06493009|0,4572753
-0,05646956|-0,08479046|0,4668707
-0,05200172|-0,09888411|0,4604242
-0,005789027|-0,1264768|0,4153151
-0,01761257|-0,07683891|0,4379108
-0,03631777|-0,07483249|0,4729427
-0,0399716|-0,100804|0,4692614
-0,03600517|-0,1083346|0,4549905
0,003308081|-0,1266944|0,4195493
-0,003209682|-0,08503136|0,4477899
-0,0204261|-0,08854909|0,4783844
-0,02454315|-0,1067649|0,4680262
-0,0214463|-0,1131344|0,4514458
0,0101139|-0,1295045|0,4241635
0,009558216|-0,0945036|0,4589326
-0,002941217|-0,09879851|0,4773816
-0,009694349|-0,1131755|0,4691099
-0,01180028|-0,1170792|0,4556769
#END#
#START#
-0,01370079|-0,1349939|0,5636715
-0,00588856|-0,1693123|0,5355645
-0,02829193|-0,1641172|0,5444292
-0,0638954|-0,1550488|0,5628532
-0,07605807|-0,1439303|0,5896906
-0,07098801|-0,1393585|0,6049058
-0,01907409|-0,1598481|0,5466716
-0,04774312|-0,1137031|0,5714316
-0,06278847|-0,09651731|0,599016
-0,06595134|-0,1067959|0,6188185
-0,06432851|-0,1211229|0,6248143
-0,01157171|-0,1588879|0,5481621
-0,02702177|-0,1129512|0,5747668
-0,03842293|-0,1188041|0,6131374
-0,03882889|-0,144996|0,6095725
-0,03699924|-0,1540669|0,5959638
-0,001770374|-0,1575037|0,5506878
-0,009797212|-0,1191862|0,5807452
-0,01986559|-0,1318967|0,6127195
-0,02265071|-0,1491125|0,6002124
-0,02223644|-0,1548613|0,5833609
0,006171879|-0,1591223|0,553829
0,006051275|-0,1267059|0,5892629
-0,002197117|-0,1376278|0,6082976
-0,007651203|-0,1520893|0,5988879
-0,01176845|-0,1564556|0,5863088
#END#
#START#
-0,02018205|-0,07688622|0,4786919
-0,01232062|-0,1198165|0,4646522
-0,03661915|-0,110347|0,4708099
-0,07097615|-0,08762302|0,4783451
-0,0785925|-0,06139079|0,4908569
-0,08592261|-0,04661036|0,4985652
-0,02656777|-0,1065526|0,4714783
-0,05377286|-0,05395735|0,4771947
-0,05815936|-0,01107007|0,4813656
-0,06063296|0,01130294|0,4829429
-0,06065573|0,02557923|0,4826943
-0,01879438|-0,1057413|0,4727937
-0,03310283|-0,04769084|0,4802132
-0,03915208|-0,0009455692|0,4847665
-0,0402799|0,02332222|0,4834281
-0,04041725|0,03899197|0,4827814
-0,00870092|-0,1042458|0,4750639
-0,0161564|-0,04670044|0,4884565
-0,02214834|-0,006518624|0,4885356
-0,024159|0,0149739|0,4885913
-0,02455036|0,03142572|0,486883
-0,0009972408|-0,104858|0,4790548
0,0001243455|-0,05275779|0,496648
-0,003066603|-0,02178336|0,4961548
-0,002592553|-0,005980025|0,4986153
-0,003299861|0,007471316|0,4985495
#END#
#START#
-0,1676252|-0,09673965|0,4449914
-0,1490317|-0,1364195|0,429825
-0,1749632|-0,1311235|0,430491
-0,2137733|-0,1151424|0,4338566
-0,2294959|-0,09313929|0,4478372
-0,2408907|-0,08144952|0,4557298
-0,1663667|-0,1259489|0,4339511
-0,2031112|-0,07894979|0,4364704
-0,2165153|-0,03994992|0,4468229
-0,2242212|-0,02002877|0,4538442
-0,2274399|-0,006613608|0,4575248
-0,1595918|-0,1241053|0,4373069
-0,1852641|-0,07060744|0,4456277
-0,2020147|-0,02833287|0,4581697
-0,2084206|-0,005316625|0,4623883
-0,2120247|0,009641995|0,4654255
-0,1509822|-0,1213913|0,4422362
-0,1713531|-0,06851926|0,4584095
-0,1855407|-0,03113087|0,4658268
-0,1920273|-0,0109839|0,4700319
-0,1955161|0,005079314|0,4719114
-0,1445133|-0,1213668|0,4480489
-0,1569743|-0,07269651|0,4700536
-0,1662567|-0,04373302|0,4743257
-0,1693225|-0,02870609|0,479143
-0,1724425|-0,01571698|0,4808763
#END#
#START#
0,02794739|-0,07642709|0,5005949
0,03574874|-0,1182439|0,4829929
0,01281819|-0,1102109|0,492727
-0,01973445|-0,08983403|0,5097904
-0,02371591|-0,06481732|0,5276135
-0,0250998|-0,05148633|0,539237
0,02245654|-0,1059091|0,4922654
-0,006321724|-0,05503876|0,5044163
-0,01002552|-0,01562971|0,5194467
-0,01200713|0,004376905|0,5294715
-0,01197227|0,01775339|0,5344656
0,03008396|-0,1047121|0,4927113
0,01440974|-0,04885563|0,5058259
0,008700667|-0,00668291|0,5255822
0,006848678|0,01597509|0,5338324
0,006276077|0,03070572|0,5391851
0,0400623|-0,1027796|0,4938638
0,03221381|-0,04834357|0,5127162
0,0260651|-0,01127933|0,5283171
0,02362515|0,008232672|0,5371048
0,02265705|0,02397092|0,5421143
0,04821578|-0,1032338|0,4968496
0,04899948|-0,05313296|0,5188433
0,04321455|-0,02526421|0,5285392
0,04250566|-0,01117027|0,5357403
0,04064929|0,001515677|0,5398718
#END#
#START#
-0,0274016|-0,06685752|0,4875367
-0,01495257|-0,1056099|0,4680281
-0,04072987|-0,09972333|0,4735388
-0,08021047|-0,08629919|0,4718602
-0,1089256|-0,07638333|0,4711136
-0,127008|-0,0739945|0,4673896
-0,03135246|-0,09463271|0,4758204
-0,06297594|-0,04784853|0,4879546
-0,07776022|-0,04480129|0,5179375
-0,0708967|-0,06454097|0,5246569
-0,06333666|-0,07480449|0,514459
-0,02336193|-0,09302825|0,4776523
-0,04264167|-0,04508311|0,4919684
-0,05691478|-0,05289003|0,5286894
-0,0506499|-0,07730179|0,5200294
-0,04595089|-0,07972188|0,5042454
-0,01307751|-0,09065168|0,480563
-0,02587369|-0,04807379|0,5006936
-0,03858404|-0,05680322|0,5331572
-0,03783946|-0,07496589|0,5219326
-0,03443425|-0,07935403|0,5047765
-0,005382414|-0,09099281|0,4846005
-0,0103662|-0,05146762|0,512333
-0,0182891|-0,05638063|0,5319721
-0,02221337|-0,0724882|0,5243965
-0,02461385|-0,07778581|0,5115556
#END#
#START#
-0,01179359|-0,08238713|0,4895293
-0,03458809|-0,1079066|0,4626898
-0,04487481|-0,08547019|0,4712083
-0,05520964|-0,04572839|0,4769292
-0,06063583|-0,01692476|0,4838327
-0,06690029|0,0004928963|0,4849258
-0,03577598|-0,09104865|0,4734141
-0,01560316|-0,04300926|0,4980331
-0,02764999|-0,03995669|0,5295091
-0,04039026|-0,05782514|0,5271276
-0,04226096|-0,06573541|0,5130824
-0,03032162|-0,09724556|0,4746012
-0,002556732|-0,05915445|0,5002025
-0,02081555|-0,05951589|0,5360445
-0,03723728|-0,07505376|0,5221214
-0,03500571|-0,07654648|0,5056707
-0,02304559|-0,1051111|0,47677
0,003041172|-0,07651285|0,5060363
-0,01527398|-0,07829738|0,5368273
-0,02837801|-0,08524813|0,5214382
-0,02788717|-0,08609045|0,5034398
-0,01955028|-0,1124598|0,4798167
0,007089178|-0,09377193|0,5148534
-0,00437174|-0,09516275|0,5327953
-0,01732828|-0,09763138|0,5200175
-0,0187305|-0,09443398|0,506268
#END#
#START#
-0,03689194|-0,1167043|0,5561353
-0,05017382|-0,1258768|0,5152467
-0,05849654|-0,1042412|0,5279713
-0,06273036|-0,06753516|0,5475886
-0,06383994|-0,04477198|0,5663664
-0,06573007|-0,0271785|0,572643
-0,05248289|-0,1129012|0,5306941
-0,03588891|-0,08160318|0,576595
-0,05281596|-0,07943008|0,6056678
-0,07038553|-0,09048692|0,5985283
-0,07186374|-0,09493969|0,5829027
-0,0494778|-0,1205238|0,5312985
-0,0286844|-0,1011649|0,5776539
-0,05634625|-0,102934|0,6066068
-0,07176876|-0,1084579|0,5861409
-0,06403012|-0,1065015|0,5713909
-0,04565276|-0,1305033|0,5327647
-0,02983538|-0,1203443|0,5784969
-0,05740507|-0,1228804|0,6009663
-0,06596062|-0,1216482|0,5815307
-0,05842626|-0,1182532|0,5653811
-0,04538683|-0,1391121|0,5339391
-0,03349083|-0,1395409|0,5806956
-0,05130468|-0,1409695|0,5926879
-0,05761603|-0,1362571|0,5764365
-0,0510374|-0,1295764|0,5655906
#END#
#START#
-0,03693324|0,06330784|0,5309818
-0,04701537|0,04129486|0,4949907
-0,05547371|0,06536218|0,4983153
-0,06117787|0,1063777|0,504305
-0,06424433|0,1337496|0,5141973
-0,06621237|0,1525071|0,5129879
-0,05011546|0,05821546|0,5044424
-0,03644284|0,1032401|0,5383941
-0,05771911|0,1133739|0,5619407
-0,07232275|0,09920749|0,5536881
-0,06921803|0,09101067|0,539896
-0,04750898|0,05128673|0,5079051
-0,03017198|0,08510963|0,5465666
-0,06127562|0,09277214|0,5701844
-0,07191628|0,08017658|0,549592
-0,06077007|0,07792071|0,5372353
-0,04425674|0,04246386|0,5130641
-0,03217783|0,0674642|0,5538252
-0,06200687|0,07308055|0,5724034
-0,0674445|0,06736935|0,5526444
-0,05725808|0,06505179|0,5377965
-0,04446787|0,0347865|0,5171216
-0,0367872|0,050347|0,5623182
-0,05543259|0,05354546|0,572471
-0,06025487|0,0522716|0,5550733
-0,05269996|0,05457739|0,543128
#END#
#START#
-0,03252883|-0,1042499|0,5295643
-0,03835665|-0,1156203|0,4879909
-0,04647115|-0,09276325|0,4967797
-0,05213511|-0,05472004|0,5146378
-0,0566933|-0,02945614|0,5306244
-0,05982031|-0,01198387|0,5359217
-0,04215001|-0,1016101|0,5012692
-0,03154042|-0,06752171|0,5473826
-0,04950816|-0,05890602|0,5748983
-0,06892275|-0,0674741|0,5692319
-0,07152473|-0,07392398|0,5545029
-0,04027354|-0,109309|0,5030406
-0,02722341|-0,08753204|0,5515255
-0,05837499|-0,08305565|0,5753959
-0,06863336|-0,08920164|0,5519908
-0,05637254|-0,0890672|0,5404486
-0,03805466|-0,1193014|0,5060072
-0,03081822|-0,1063376|0,5537708
-0,06157381|-0,103583|0,5716633
-0,06776094|-0,1033399|0,5514155
-0,05722975|-0,1022104|0,5365891
-0,03907469|-0,1277266|0,5078551
-0,036801|-0,1249001|0,5564917
-0,05606641|-0,123568|0,5660713
-0,06098266|-0,1195408|0,549531
-0,0528314|-0,1140936|0,5390049
#END#
#START#
-0,1095975|-0,1221844|0,5131052
-0,1058358|-0,1332386|0,4714873
-0,1163892|-0,1110263|0,4780048
-0,1278493|-0,07355484|0,4936701
-0,1370145|-0,04969416|0,508542
-0,1406549|-0,03149455|0,511704
-0,1128849|-0,1196867|0,483399
-0,1140698|-0,08571559|0,5307109
-0,1401002|-0,07995784|0,5503746
-0,1520902|-0,09060855|0,5356121
-0,1447865|-0,09509663|0,521551
-0,1111677|-0,1273067|0,4855604
-0,1098842|-0,1056169|0,5354406
-0,1466171|-0,1035736|0,5495043
-0,1480161|-0,1095547|0,5237892
-0,1326865|-0,1082737|0,5169493
-0,1092938|-0,1372051|0,4889679
-0,113147|-0,1245077|0,5367929
-0,1475801|-0,1234006|0,546109
-0,1477615|-0,123022|0,5248799
-0,1339567|-0,1213003|0,513186
-0,1103815|-0,1456764|0,4905357
-0,1190678|-0,1432128|0,5383096
-0,140248|-0,1425303|0,5428329
-0,1409677|-0,1386106|0,525438
-0,1308566|-0,1329366|0,5169909
#END#
#START#
-0,2784322|-0,1224826|0,4457102
-0,2552127|-0,1342277|0,4107098
-0,2695408|-0,1122016|0,4108489
-0,2869191|-0,07431565|0,4180557
-0,3007989|-0,04823701|0,4246657
-0,3065362|-0,03056409|0,4246618
-0,268208|-0,1205536|0,417699
-0,2927126|-0,08626922|0,4572903
-0,3260764|-0,08434778|0,4596089
-0,3277476|-0,09633112|0,4413957
-0,3141671|-0,1001005|0,4329925
-0,2670681|-0,1280576|0,4208234
-0,2892866|-0,1056783|0,4641952
-0,3281578|-0,1082467|0,4556658
-0,3161049|-0,1145701|0,4327286
-0,2995517|-0,1127377|0,4317278
-0,2661738|-0,1378348|0,425252
-0,2910548|-0,1247274|0,4646305
-0,3250311|-0,1275404|0,452987
-0,3130802|-0,1270308|0,4352622
-0,2957769|-0,1243045|0,4311407
-0,2672268|-0,1463465|0,4266491
-0,2963002|-0,1437114|0,4641199
-0,3167125|-0,1448051|0,4551021
-0,3070069|-0,1411471|0,4400206
-0,2944808|-0,1351878|0,4371424
#END#
#START#
0,2147406|-0,1092687|0,4240827
0,189048|-0,1232424|0,389916
0,1854571|-0,09932069|0,4013864
0,1878996|-0,0594289|0,4183191
0,1927802|-0,03457087|0,4352999
0,1930785|-0,01626901|0,4410042
0,1918738|-0,1081394|0,4035527
0,2230387|-0,07078318|0,4382379
0,2160027|-0,06297163|0,4704077
0,1970314|-0,07450987|0,4668348
0,1941576|-0,07964978|0,4511063
0,1947315|-0,1159296|0,4044458
0,2298352|-0,09083671|0,4404632
0,2136403|-0,08549394|0,4771039
0,1934935|-0,09320788|0,4606718
0,1996205|-0,09321025|0,4446156
0,1985627|-0,1260587|0,4063015
0,228612|-0,1099756|0,4451842
0,2109898|-0,1062334|0,4768115
0,1955059|-0,1074512|0,4613577
0,1978773|-0,1072163|0,4428959
0,1989111|-0,1346334|0,4087774
0,2255137|-0,1289348|0,4514554
0,2139637|-0,126829|0,4701661
0,2004294|-0,1240212|0,4581018
0,2014883|-0,119165|0,4441914
#END#
#START#
0,3252053|-0,06204215|0,3039598
0,2902016|-0,07876772|0,2816089
0,2897153|-0,05424149|0,2913285
0,2955007|-0,01313181|0,3033957
0,3043012|0,01262511|0,3159851
0,3050794|0,03188477|0,3182189
0,2967775|-0,06274456|0,2920844
0,3365625|-0,02252749|0,3114282
0,3377332|-0,01281246|0,3437871
0,3189084|-0,0252695|0,3456909
0,311867|-0,03172074|0,3320228
0,3000131|-0,07039667|0,2926593
0,344249|-0,04233075|0,3128774
0,3397592|-0,03420269|0,3522578
0,3158238|-0,04329491|0,343328
0,3168316|-0,04451549|0,3262142
0,3045551|-0,0802833|0,2940162
0,345221|-0,06096976|0,3193247
0,338652|-0,05469837|0,3545421
0,3191739|-0,05709869|0,3448834
0,3161032|-0,05821604|0,3265211
0,3059306|-0,08860803|0,2969418
0,3449814|-0,07933206|0,3278294
0,3404697|-0,0758239|0,3489191
0,3239024|-0,07391094|0,3415234
0,321012|-0,0701346|0,3274722
#END#
#START#
0,2988237|0,1193714|0,270869
0,270272|0,08899813|0,254974
0,262395|0,1138434|0,26052
0,2561076|0,1566124|0,2643463
0,2569355|0,1862172|0,2706724
0,251991|0,2048635|0,269747
0,2717859|0,1080606|0,2619801
0,2974959|0,1612496|0,2705531
0,2984066|0,1781607|0,3000877
0,2844395|0,1624095|0,3081679
0,2783032|0,1511083|0,2974498
0,2772666|0,1019384|0,2635049
0,3108871|0,1451629|0,2745073
0,3043691|0,1578646|0,3124372
0,2843917|0,1402652|0,306513
0,284862|0,1359798|0,2899286
0,2847247|0,09426347|0,2660545
0,3176011|0,1290097|0,2836435
0,3084929|0,1378218|0,3178681
0,2910136|0,1279413|0,3089312
0,2879356|0,1227329|0,2913908
0,2887579|0,08745399|0,2701935
0,3231247|0,1133736|0,2953239
0,3162354|0,1180015|0,3158949
0,3000982|0,1133205|0,3080732
0,2961723|0,1134843|0,2938681
#END#
#START#
0,1756653|0,09674671|0,4014167
0,1565586|0,06464732|0,3775616
0,1436715|0,08754843|0,3824285
0,1300262|0,1284493|0,3846906
0,1243133|0,1576662|0,3904283
0,1168183|0,1753227|0,3882224
0,1533177|0,08298568|0,385785
0,1678065|0,1378301|0,4036337
0,1582886|0,1502416|0,4337406
0,1461681|0,1311984|0,4353247
0,1452797|0,1209772|0,4221605
0,1592784|0,0774648|0,3881707
0,1823002|0,1232931|0,4093415
0,1640055|0,1292356|0,4452068
0,1493415|0,1097528|0,4326453
0,1536923|0,1068123|0,4164123
0,1671732|0,0705794|0,3919103
0,1892031|0,1072874|0,4185096
0,169874|0,1096204|0,4496472
0,1571193|0,09863635|0,4353825
0,1583675|0,09469381|0,4174078
0,1712202|0,06402252|0,3964242
0,1942787|0,09157813|0,4303499
0,1812533|0,09235703|0,448687
0,1681746|0,08628681|0,4367143
0,1666154|0,08690639|0,4222033
#END#
#START#
-0,03494253|-0,02226751|0,4712491
-0,03546575|-0,06435148|0,4582447
-0,05289428|-0,05172294|0,4543152
-0,08752782|-0,02942758|0,4619725
-0,09943018|-0,01058731|0,4865979
-0,09089904|-0,006523854|0,5005141
-0,04447576|-0,04962052|0,4595027
-0,0568608|0,01143934|0,458156
-0,07171183|0,04178871|0,4745445
-0,08613295|0,04250026|0,4929732
-0,09423105|0,03329664|0,5027391
-0,03870021|-0,05046677|0,4640855
-0,04020764|0,00657809|0,4706272
-0,06508041|0,02082852|0,4992514
-0,07258959|-0,005621632|0,4974702
-0,06634247|-0,01574366|0,4853951
-0,03119994|-0,05119298|0,4706132
-0,03056918|-0,001880105|0,4856585
-0,05503718|0,005385371|0,5114328
-0,06030075|-0,01417469|0,5025578
-0,05451009|-0,02434598|0,4883768
-0,02630519|-0,05398721|0,477538
-0,02334123|-0,01066895|0,5022253
-0,04094994|-0,008913503|0,5175635
-0,04837602|-0,02359579|0,5088471
-0,04731107|-0,02930534|0,495491
#END#
#START#
0,08989178|-0,1168738|0,5316996
0,08810347|-0,1555137|0,5087827
0,06915472|-0,1461759|0,5183307
0,04218819|-0,1305918|0,5475121
0,04087884|-0,1163092|0,5773188
0,0473093|-0,1101212|0,5922918
0,07890934|-0,1432423|0,5188134
0,06050314|-0,08740966|0,5395541
0,05853908|-0,0479261|0,5582395
0,05750167|-0,02744313|0,5692422
0,05836828|-0,01416113|0,5748948
0,0863103|-0,1435226|0,5195647
0,08160575|-0,08993615|0,5414613
0,07537968|-0,08119788|0,5815675
0,06867478|-0,1062634|0,5894709
0,06576353|-0,1209993|0,5822856
0,09619457|-0,1436356|0,5211595
0,09847243|-0,09842096|0,5473478
0,09022068|-0,09954794|0,5833011
0,08230197|-0,1197063|0,5784953
0,07865441|-0,1320244|0,5658066
0,1042579|-0,1463278|0,5239072
0,114182|-0,1074103|0,5554635
0,1063542|-0,1094414|0,5786995
0,09695446|-0,1251763|0,5774971
0,08958453|-0,1332256|0,5681866
#END#
#START#
-0,08477266|-0,1216212|0,492191
-0,07811403|-0,1603612|0,4699449
-0,09941004|-0,1510888|0,4723674
-0,1355907|-0,1364219|0,4889205
-0,1473785|-0,1225623|0,5164275
-0,1442636|-0,1170919|0,5324503
-0,09045778|-0,1480277|0,4763197
-0,1153328|-0,09247416|0,4895037
-0,1256987|-0,05523549|0,5085872
-0,1319587|-0,03656673|0,5209023
-0,1340758|-0,02417738|0,5280532
-0,08371395|-0,1482031|0,4796045
-0,09611432|-0,09500805|0,4983386
-0,116844|-0,08885031|0,5338712
-0,1245224|-0,1147034|0,5372885
-0,1241063|-0,129274|0,5293409
-0,07492113|-0,1482027|0,4845203
-0,08213855|-0,1035045|0,5094723
-0,1027005|-0,1070342|0,5401275
-0,1075421|-0,1269832|0,5316764
-0,1063403|-0,1390775|0,5184424
-0,06825507|-0,1508258|0,4898587
-0,0701532|-0,1124587|0,5226437
-0,08553493|-0,1164374|0,5414065
-0,09339913|-0,1321615|0,5358928
-0,09704898|-0,1400634|0,5245823
#END#
#START#
-0,06670327|-0,114988|0,499628
-0,06221585|-0,1555088|0,4817936
-0,08277488|-0,1451278|0,4826311
-0,1178702|-0,1258499|0,4972516
-0,1282513|-0,1080516|0,5234151
-0,1221315|-0,10203|0,5381096
-0,07368454|-0,1423077|0,4864311
-0,09575756|-0,08508588|0,4937341
-0,113636|-0,06728417|0,5171335
-0,1190266|-0,0848702|0,5309477
-0,1164184|-0,1007671|0,5285936
-0,0670335|-0,1426281|0,4898842
-0,07665004|-0,08710425|0,5031759
-0,09707639|-0,0754723|0,5364798
-0,1045045|-0,101724|0,5387794
-0,1016878|-0,1141112|0,5277258
-0,05837962|-0,1427163|0,4949988
-0,06350636|-0,09482529|0,5158051
-0,08367335|-0,09104849|0,5458901
-0,08956535|-0,1113192|0,5392548
-0,08695721|-0,1226301|0,5251115
-0,05203985|-0,1451861|0,500782
-0,05228404|-0,10382|0,5297374
-0,06722757|-0,1049794|0,5477816
-0,07428025|-0,120477|0,5403469
-0,07536262|-0,1262933|0,5270936
#END#
#START#
0,08449025|-0,1016931|0,4944104
0,08159699|-0,140774|0,4728289
0,06296032|-0,1308635|0,4824264
0,0360398|-0,114188|0,5108557
0,03538341|-0,09921792|0,5404593
0,04493415|-0,09367782|0,5535723
0,07280903|-0,1280636|0,4827057
0,05588874|-0,07126643|0,5020916
0,05698245|-0,03407001|0,5172274
0,05707786|-0,02475442|0,5388434
0,05655774|-0,02690425|0,5541037
0,08026935|-0,1284356|0,4833138
0,07698591|-0,074374|0,5035729
0,07347528|-0,06552289|0,5427263
0,06642181|-0,0920516|0,5448722
0,0637582|-0,103269|0,5326364
0,09022872|-0,1286597|0,4846958
0,09372284|-0,08332085|0,5091045
0,08662799|-0,08570002|0,5449249
0,07824869|-0,1050078|0,5378957
0,07453018|-0,1152301|0,5233914
0,09830415|-0,1313996|0,4873526
0,1091941|-0,09320266|0,5170749
0,1011709|-0,09892839|0,5396315
0,09156712|-0,1139477|0,5345128
0,08471034|-0,1198018|0,5233496
#END#
#START#
-0,09450035|-0,07912453|0,5004036
-0,08332946|-0,117546|0,4773768
-0,1073566|-0,1117574|0,4839759
-0,1453771|-0,1007276|0,4986236
-0,1576179|-0,08471505|0,5235724
-0,152493|-0,07781393|0,538307
-0,09813591|-0,1068865|0,4863058
-0,1302256|-0,05662252|0,5024617
-0,1383794|-0,01748243|0,5139551
-0,1437698|-0,004378045|0,5328129
-0,1467171|-0,003529475|0,5478994
-0,09060721|-0,1055205|0,488209
-0,1096069|-0,05480227|0,507919
-0,1207753|-0,04794706|0,5459773
-0,1226194|-0,07522777|0,5479585
-0,1210573|-0,08641917|0,5354668
-0,08076363|-0,1035158|0,491307
-0,09252148|-0,05983126|0,5164309
-0,1045093|-0,06462313|0,5503657
-0,1069725|-0,08496583|0,5418416
-0,1057542|-0,09493818|0,5267296
-0,07284452|-0,1044583|0,4953567
-0,07684137|-0,06631152|0,5269324
-0,08739934|-0,07472306|0,5478897
-0,0923567|-0,09160756|0,5422944
-0,09595846|-0,09954104|0,5309756
#END#
#START#
0,05871093|-0,07491025|0,5174092
0,06053751|-0,1146173|0,495217
0,04057203|-0,1061067|0,5045046
0,01133445|-0,09196073|0,532241
0,006750477|-0,0775549|0,5618444
0,0135729|-0,07091293|0,5762107
0,05008509|-0,1023787|0,5051032
0,02713632|-0,04738338|0,5237283
0,02555101|-0,007862542|0,5350878
0,02452204|0,005186193|0,5546883
0,02381008|0,00581242|0,5700697
0,05750412|-0,1020065|0,5059873
0,04841972|-0,0482049|0,5261684
0,0439456|-0,03721833|0,5648665
0,03849953|-0,06322691|0,5713275
0,03626936|-0,07680725|0,5617604
0,06737346|-0,1012764|0,5077285
0,06572413|-0,05532432|0,5325255
0,05839177|-0,05594186|0,5683603
0,05142555|-0,07651747|0,5638939
0,04832251|-0,0888071|0,5509589
0,07558163|-0,1032461|0,5106596
0,0817204|-0,06364365|0,5409004
0,07329915|-0,06841665|0,5639741
0,06521776|-0,08472764|0,5613306
0,05880449|-0,09278063|0,5513675
#END#
#START#
0,04114555|-0,2161859|0,4545091
0,03936347|-0,2502921|0,4256106
0,02019309|-0,2407595|0,4346377
-0,007707494|-0,2263732|0,4639983
-0,009912229|-0,2157862|0,4954826
-0,004600852|-0,212153|0,511731
0,03002545|-0,2389314|0,4364742
0,01340349|-0,185424|0,4638308
0,0151396|-0,1515443|0,4838021
0,01242474|-0,1492561|0,5069326
0,009114159|-0,157641|0,5197935
0,03720131|-0,2400672|0,4379519
0,03394381|-0,1900905|0,4679083
0,02689163|-0,1842659|0,506969
0,01732824|-0,2098893|0,5063112
0,01534317|-0,2188821|0,4921442
0,04672844|-0,2414054|0,4405619
0,04913362|-0,2011072|0,4742157
0,03781851|-0,2061207|0,5084451
0,02857986|-0,2240895|0,4993358
0,02566744|-0,232598|0,4835351
0,05414007|-0,2452472|0,4437385
0,06269635|-0,2135087|0,4819211
0,05165268|-0,2204018|0,5026035
0,0417962|-0,2339512|0,4949244
0,03630042|-0,2373337|0,481998
#END#
#START#
-0,123956|-0,1274233|0,4538732
-0,1091914|-0,1633899|0,4298496
-0,1328039|-0,1589863|0,4342022
-0,1707072|-0,1508205|0,4523434
-0,1841524|-0,1383079|0,4798419
-0,1813188|-0,1319901|0,4955679
-0,1243321|-0,1540559|0,437588
-0,1604931|-0,1060216|0,453322
-0,1723771|-0,06912401|0,466327
-0,180991|-0,05984389|0,4861465
-0,1856846|-0,06285465|0,5006584
-0,1174484|-0,1527089|0,4404387
-0,1407871|-0,1039209|0,4614679
-0,1572572|-0,09855253|0,4976992
-0,1582254|-0,1259387|0,4980591
-0,1544044|-0,1358841|0,4849609
-0,108494|-0,1507516|0,4448093
-0,124691|-0,1091601|0,4717001
-0,1408477|-0,1157139|0,5035649
-0,1417175|-0,1357841|0,4941867
-0,1382096|-0,1447288|0,4787277
-0,1010994|-0,1518116|0,4497194
-0,1101402|-0,1159679|0,4834893
-0,122944|-0,1250646|0,5025546
-0,1264495|-0,1415489|0,4950141
-0,127894|-0,147711|0,4820777
#END#
#START#
-0,09882572|0,04236951|0,4949119
-0,09242066|-0,000148093|0,480298
-0,114676|0,008495776|0,4857983
-0,1494574|0,02642109|0,5028278
-0,1597572|0,04713875|0,5257683
-0,1571066|0,05728694|0,539589
-0,1051491|0,01278978|0,4868156
-0,132407|0,06813988|0,4929176
-0,1405035|0,1086083|0,4969939
-0,1462354|0,1261858|0,5117193
-0,149739|0,1317629|0,5254824
-0,09766313|0,01373232|0,4883355
-0,1115491|0,06928737|0,4977769
-0,1226591|0,08583711|0,5334256
-0,12711|0,06116472|0,5440148
-0,1268509|0,0462353|0,5362898
-0,08782215|0,01534428|0,4908839
-0,09471747|0,06476411|0,5071589
-0,1065989|0,07037619|0,5412259
-0,1115781|0,04882549|0,539743
-0,1119892|0,03455189|0,528523
-0,07992813|0,01446407|0,4949807
-0,07921395|0,05945|0,5184631
-0,08938192|0,05996271|0,5407962
-0,09677457|0,04318248|0,5417835
-0,1021225|0,03260776|0,5337379
#END#
#START#
0,1142093|0,04244932|0,5148576
0,1126121|0,001351877|0,4950466
0,09368966|0,0102564|0,5079669
0,0656485|0,0266164|0,5352119
0,06307115|0,04436856|0,5622314
0,07203784|0,05204796|0,5746681
0,1034121|0,01410185|0,5064958
0,08365103|0,06962402|0,525928
0,07997803|0,1099019|0,5349377
0,08037233|0,1261233|0,5521125
0,08173548|0,1301946|0,5667885
0,1111291|0,01461742|0,5056579
0,105047|0,06964494|0,5240678
0,106905|0,0846065|0,5621843
0,1044458|0,06021939|0,5737302
0,1011797|0,04549158|0,566296
0,1214493|0,01558188|0,5050936
0,1236415|0,06355613|0,5272723
0,1236278|0,06752159|0,5635205
0,1169856|0,04639614|0,5631701
0,111989|0,03296661|0,551948
0,1301407|0,01394318|0,5063699
0,1414971|0,05620356|0,5323229
0,1392865|0,05525129|0,5565757
0,1313342|0,03890719|0,5590339
0,1228012|0,02936323|0,5525995
#END#
#START#
0,1807249|-0,1255955|0,518203
0,1799976|-0,1590335|0,4865664
0,1626822|-0,1563879|0,5033908
0,1398546|-0,1537392|0,5390856
0,1421707|-0,146423|0,5710658
0,1536193|-0,1416998|0,5828144
0,1715697|-0,1511381|0,5022673
0,1498067|-0,106584|0,5399754
0,1455879|-0,07326147|0,5615215
0,1495809|-0,06929878|0,5842624
0,1539036|-0,07665955|0,597436
0,1788928|-0,149501|0,5010116
0,1707248|-0,1037212|0,5359683
0,1772998|-0,1017964|0,5758473
0,1773894|-0,1290824|0,5762758
0,173616|-0,1394347|0,5635387
0,1887776|-0,147241|0,4999172
0,1899223|-0,1084893|0,5351323
0,1947071|-0,1172891|0,5703457
0,1892565|-0,1376544|0,5635377
0,183538|-0,1472591|0,5492092
0,1976668|-0,1481812|0,4997595
0,2087066|-0,115267|0,5359259
0,209407|-0,1260407|0,5581215
0,2025722|-0,1426549|0,5541504
0,1939596|-0,1495405|0,5450034
#END#
#START#
0,02199003|-0,1368844|0,5369474
0,02980126|-0,1708423|0,506951
0,007824771|-0,1672755|0,517606
-0,02579757|-0,1617851|0,542951
-0,03401222|-0,15255|0,5731377
-0,02765779|-0,1478796|0,5883489
0,01698134|-0,1624171|0,5192272
-0,01336382|-0,116396|0,5478755
-0,02179276|-0,08183647|0,5674827
-0,024856|-0,07523364|0,5898407
-0,02542244|-0,08010794|0,6046
0,0244951|-0,1610861|0,5202405
0,007844398|-0,1142768|0,5505974
0,002100853|-0,1108461|0,5903225
0,0008563789|-0,1380881|0,5910172
0,0006921065|-0,1480892|0,5774186
0,03443429|-0,159214|0,5221958
0,02612968|-0,1196273|0,5559477
0,0195161|-0,1266238|0,5908698
0,01576476|-0,1467829|0,5824892
0,01460152|-0,1557817|0,5666862
0,04288637|-0,1604749|0,5248258
0,04347302|-0,1268453|0,5626131
0,03690655|-0,1356747|0,5843084
0,03102217|-0,1522867|0,5790349
0,0254929|-0,1590482|0,5676177
#END#
#START#
-0,1433578|-0,1437269|0,5161048
-0,1245498|-0,1769918|0,4904679
-0,149856|-0,1744175|0,4933353
-0,1909733|-0,1683598|0,501564
-0,210989|-0,157714|0,5243384
-0,211353|-0,1527284|0,5407112
-0,1416737|-0,1692231|0,4979428
-0,1812556|-0,1249286|0,5147333
-0,196009|-0,08879042|0,5271526
-0,2064329|-0,08102315|0,5466501
-0,211598|-0,08629017|0,5605503
-0,1346941|-0,1675513|0,5013341
-0,1622214|-0,1219378|0,5242609
-0,1805879|-0,119388|0,5601627
-0,1809557|-0,1465656|0,5608594
-0,1763162|-0,156279|0,5478234
-0,125712|-0,1652338|0,5063851
-0,1463993|-0,1266178|0,5351765
-0,163485|-0,1351729|0,565958
-0,1630408|-0,1550371|0,5561696
-0,158411|-0,1631157|0,5404861
-0,1185247|-0,1661131|0,5116292
-0,1319355|-0,1332626|0,5471589
-0,1449181|-0,143976|0,565119
-0,1474031|-0,1605195|0,5573681
-0,1482691|-0,1670534|0,544629
#END#
#START#
-0,1871736|-0,07968584|0,5077217
-0,1723758|-0,1168029|0,483887
-0,1966428|-0,109908|0,4850067
-0,2367119|-0,09913318|0,4929868
-0,2555098|-0,0868878|0,516294
-0,2546989|-0,0820075|0,5326339
-0,1882512|-0,1058936|0,4900279
-0,2210851|-0,0549405|0,5034204
-0,230614|-0,01612485|0,5160415
-0,2400683|-0,002842453|0,5331445
-0,2468874|-0,001444858|0,5467958
-0,1815149|-0,1052212|0,4938475
-0,2024029|-0,05489375|0,5140105
-0,2220199|-0,0483973|0,548599
-0,2267705|-0,07523444|0,5492901
-0,223055|-0,08590434|0,536736
-0,1728173|-0,1042022|0,4994625
-0,188298|-0,06173576|0,5260468
-0,2083667|-0,06607804|0,5558467
-0,2107044|-0,08606374|0,5465737
-0,2066156|-0,09543367|0,5314822
-0,1661941|-0,1061182|0,5051686
-0,1759181|-0,07022379|0,5391055
-0,1915642|-0,07753325|0,556459
-0,1962946|-0,09371403|0,5489604
-0,1973699|-0,1003942|0,5362989
#END#
#START#
-0,05250741|0,0152708|0,5331231
-0,04697391|-0,02537294|0,5124609
-0,06904417|-0,01607452|0,5168937
-0,1053409|-0,0007451373|0,5321335
-0,1186261|0,01477929|0,5574321
-0,1149933|0,02126857|0,5728495
-0,05960319|-0,01250792|0,5197234
-0,08413642|0,04336427|0,5320358
-0,08984854|0,08306158|0,5410015
-0,0959879|0,09754162|0,5585929
-0,1005232|0,09967052|0,5731114
-0,05228287|-0,01223097|0,5221373
-0,0637972|0,0424712|0,5389246
-0,07667829|0,05584923|0,5752846
-0,08418182|0,03094791|0,5830709
-0,08456876|0,01685282|0,5739061
-0,04268682|-0,01162655|0,5258829
-0,04825772|0,03557326|0,5490933
-0,0625697|0,03858137|0,5824785
-0,06929695|0,01779804|0,5787718
-0,07004463|0,004637312|0,5662678
-0,03529537|-0,01367685|0,5304741
-0,03416228|0,02737383|0,5605784
-0,04591447|0,0260574|0,5819528
-0,05488564|0,0101188|0,5810849
-0,06081504|0,000718477|0,5721033
#END#
#START#
0,03802276|-0,3495352|0,2692708
0,002428106|-0,352511|0,2385342
0,009712334|-0,3299124|0,2509023
0,02232262|-0,2964404|0,2749431
0,04046977|-0,2805625|0,2916769
0,04353299|-0,2656285|0,303986
0,01423708|-0,3398918|0,2507407
0,04521893|-0,3219498|0,2999783
0,07678849|-0,306459|0,3157705
0,09658734|-0,2949159|0,3106094
0,1078384|-0,288072|0,3036695
0,01701912|-0,347199|0,2483922
0,0536635|-0,3410548|0,2945388
0,09368732|-0,3232502|0,304347
0,1113228|-0,3081907|0,2933781
0,1190953|-0,2985436|0,2829398
0,02126156|-0,3566148|0,2453504
0,06338178|-0,3544665|0,2835308
0,09886882|-0,340473|0,2926475
0,1106467|-0,3256791|0,2812398
0,1168353|-0,3141085|0,2697731
0,02530954|-0,3628192|0,2403629
0,07074067|-0,366962|0,2694672
0,09540588|-0,3603942|0,2757824
0,1097977|-0,3515155|0,2710386
0,1178207|-0,3412004|0,2664462
#END#
#START#
-0,06386936|-0,1533814|0,4898122
-0,06674145|-0,1833507|0,4555795
-0,08637851|-0,1722094|0,4644716
-0,1186295|-0,1562067|0,4864954
-0,1264424|-0,1487362|0,5171634
-0,1185416|-0,1502673|0,5320823
-0,07641636|-0,1719882|0,4677742
-0,08892093|-0,1211624|0,5012361
-0,09061189|-0,08999879|0,5262651
-0,09659738|-0,08601594|0,5486427
-0,102363|-0,09268478|0,5615106
-0,06923435|-0,1741605|0,4696396
-0,06933577|-0,1286372|0,5059991
-0,08107128|-0,1277046|0,5451353
-0,09315801|-0,1518088|0,5421648
-0,09499787|-0,1598117|0,527409
-0,05979193|-0,1769889|0,4727146
-0,05585198|-0,1419898|0,5117742
-0,07061377|-0,1496108|0,5440906
-0,08042128|-0,1649938|0,5315633
-0,08183323|-0,1699587|0,5140258
-0,05310421|-0,1820622|0,4757761
-0,04424771|-0,156754|0,5185564
-0,05723129|-0,1645867|0,5373288
-0,06793562|-0,1759158|0,5273764
-0,07304821|-0,177451|0,5140044
#END#
#START#
-0,1350557|-0,1525301|0,4706002
-0,1302579|-0,184294|0,4378599
-0,1518019|-0,1742715|0,4432561
-0,1879414|-0,1598104|0,4603636
-0,202525|-0,1514577|0,4884945
-0,1996113|-0,1508723|0,5053104
-0,1425071|-0,1731034|0,4479363
-0,1637747|-0,1219252|0,4760903
-0,1691484|-0,08871061|0,497732
-0,1780653|-0,08439434|0,5189881
-0,1850553|-0,09151591|0,531087
-0,1356011|-0,1746075|0,4509881
-0,144726|-0,1275086|0,4843753
-0,1615708|-0,1245127|0,5213607
-0,171945|-0,1494883|0,5191652
-0,1716318|-0,1590813|0,5052988
-0,1266198|-0,1765386|0,4556121
-0,1314142|-0,1392212|0,4932121
-0,1499768|-0,1445212|0,5241613
-0,158064|-0,1621854|0,5135694
-0,1579407|-0,1702945|0,4972325
-0,1201558|-0,1809242|0,4599509
-0,1198238|-0,152532|0,5024679
-0,134654|-0,1588003|0,5210032
-0,144748|-0,1723723|0,514051
-0,1499609|-0,1773943|0,5016868
#END#
#START#
-0,02728596|-0,1106205|0,4799904
-0,02826651|-0,147677|0,452217
-0,04848924|-0,1370362|0,4617154
-0,07875329|-0,1200571|0,4864728
-0,08202581|-0,1059485|0,5156687
-0,07669535|-0,1010143|0,5315043
-0,03842869|-0,1349097|0,4634131
-0,05576039|-0,08035963|0,4873656
-0,05705496|-0,04012997|0,5058882
-0,05773631|-0,01900071|0,5157274
-0,05650162|-0,005511881|0,5207912
-0,03097629|-0,1357126|0,4648014
-0,03513217|-0,08413073|0,491318
-0,04522937|-0,07705281|0,5313255
-0,05426455|-0,1013063|0,5389097
-0,05763937|-0,1160388|0,5319753
-0,0211109|-0,1366359|0,4672426
-0,01932695|-0,09397968|0,4981457
-0,03081962|-0,09638477|0,5331228
-0,03971331|-0,1158617|0,52733
-0,04336604|-0,1278795|0,5144047
-0,01351424|-0,1400653|0,4704742
-0,004795415|-0,1045308|0,5066451
-0,01416355|-0,1068416|0,5292965
-0,02479359|-0,1216637|0,5289069
-0,03301291|-0,1298327|0,520595
#END#
#START#
-0,1836479|-0,2772792|0,4982926
-0,1738453|-0,3076454|0,4660706
-0,1960288|-0,3001313|0,4704208
-0,2327317|-0,2905056|0,490197
-0,2439698|-0,2835494|0,5205608
-0,2418538|-0,2820204|0,5376855
-0,1872367|-0,2980614|0,4752966
-0,2155473|-0,2497316|0,5022458
-0,2269865|-0,2159497|0,5277023
-0,2333893|-0,1987322|0,5420035
-0,2355424|-0,1872856|0,5505739
-0,1806138|-0,298965|0,478677
-0,1967155|-0,2538707|0,5113578
-0,2188371|-0,2566175|0,5462154
-0,2256677|-0,2826778|0,5424283
-0,2238566|-0,2939427|0,5302702
-0,1720236|-0,3001054|0,4837732
-0,1828374|-0,2646379|0,5205543
-0,2041613|-0,2759219|0,5484682
-0,2082257|-0,2932638|0,535237
-0,2059291|-0,3011227|0,5191585
-0,1654721|-0,3039149|0,4885051
-0,1707774|-0,2764828|0,5311102
-0,1863056|-0,2850062|0,5479708
-0,1939557|-0,2991565|0,539133
-0,1972833|-0,3040317|0,5260929
#END#
#START#
-0,3290665|-0,2549026|0,4119135
-0,3063836|-0,2866479|0,3882974
-0,3293186|-0,2816818|0,3847653
-0,3712454|-0,2758397|0,3920319
-0,3936676|-0,2688009|0,4152978
-0,401135|-0,2655638|0,4309166
-0,3228678|-0,2780086|0,3917523
-0,3629663|-0,231454|0,4023177
-0,3825767|-0,1956167|0,4188623
-0,3936571|-0,1775282|0,428437
-0,3987469|-0,1654149|0,4344767
-0,3176979|-0,2777126|0,3970857
-0,3479078|-0,2318734|0,4174415
-0,3788656|-0,229868|0,444615
-0,3844099|-0,2564246|0,4447571
-0,3792216|-0,2697136|0,4361067
-0,3112093|-0,2772453|0,404671
-0,3368366|-0,2399374|0,431841
-0,3647689|-0,2491443|0,4537107
-0,3636547|-0,2685377|0,4430107
-0,3558697|-0,2779399|0,4296536
-0,3061854|-0,2797181|0,4116346
-0,3274484|-0,2494232|0,4466923
-0,3465804|-0,2581803|0,4591021
-0,3496056|-0,2738663|0,450123
-0,3477877|-0,279691|0,4371004
#END#
#START#
-0,2497061|-0,006470485|0,4308797
-0,2407872|-0,04968193|0,418493
-0,2619302|-0,03910375|0,4145487
-0,2995698|-0,01993445|0,4190391
-0,3160402|0,0001107319|0,4388348
-0,3193093|0,00981147|0,4530363
-0,2537094|-0,03552298|0,419627
-0,2769551|0,02214824|0,4158441
-0,2840164|0,06474306|0,4215552
-0,2893452|0,08667652|0,4270636
-0,2908027|0,1007169|0,4302266
-0,2477578|-0,03514535|0,4242354
-0,2602085|0,021356|0,4290377
-0,2854023|0,03808969|0,4571727
-0,2966908|0,01470297|0,465205
-0,2966104|-0,001383451|0,4610307
-0,2401123|-0,03432637|0,4308074
-0,2494283|0,01506706|0,4444264
-0,2751138|0,02000753|0,470199
-0,2799597|-0,001108101|0,4653376
-0,2771331|-0,01576131|0,4552769
-0,2348446|-0,03593069|0,4378478
-0,2408274|0,008477764|0,4611857
-0,2596286|0,009048843|0,4769086
-0,2676792|-0,007123243|0,4734358
-0,2698035|-0,01711122|0,4634452
#END#
#START#
0,06734288|0,007286751|0,473057
0,06003483|-0,03508648|0,4575555
0,04299048|-0,02178933|0,46765
0,02109079|0,001828037|0,4957548
0,02513124|0,02183954|0,5217869
0,0343515|0,0299254|0,5341251
0,05295731|-0,01980775|0,4664455
0,0413147|0,04022212|0,4782184
0,04274036|0,08246814|0,4877104
0,04370353|0,1044895|0,4956273
0,04545036|0,118089|0,5004519
0,06037208|-0,02063654|0,4664037
0,06232041|0,0362681|0,4783362
0,06156928|0,05363605|0,5161365
0,0543215|0,03160668|0,5300961
0,04960756|0,01611467|0,5260382
0,07036605|-0,02142078|0,4668768
0,07917973|0,02743276|0,4838708
0,07560068|0,034214|0,5198726
0,06575469|0,01434944|0,5201066
0,05979617|0,0005091313|0,5100472
0,07849569|-0,02434619|0,4691696
0,0950961|0,01831994|0,4916228
0,0904127|0,02096915|0,5154697
0,07967506|0,006326438|0,5182307
0,070509|-0,002323216|0,5113555
#END#
#START#
0,1424702|-0,2045679|0,4509826
0,1301991|-0,2401052|0,4253338
0,1163426|-0,230242|0,4412652
0,1039615|-0,2158971|0,4800463
0,1146904|-0,2047891|0,5095652
0,1239485|-0,1998949|0,5239307
0,1258947|-0,2281807|0,4389818
0,1196955|-0,1740969|0,4695093
0,1250512|-0,1367167|0,4903837
0,1285599|-0,1183634|0,5045707
0,1318209|-0,1072972|0,5134603
0,1330152|-0,2291416|0,4376233
0,1403105|-0,1779606|0,4654378
0,1461095|-0,1689707|0,5059103
0,1404714|-0,1926632|0,5173829
0,1344575|-0,2071905|0,5117445
0,1427262|-0,2302644|0,4363844
0,1572556|-0,1882865|0,4657415
0,1595649|-0,189576|0,5025814
0,1491175|-0,2090459|0,5012203
0,1409106|-0,2204228|0,4896577
0,1508793|-0,233916|0,4364713
0,1733325|-0,1997786|0,4677716
0,1723014|-0,2028303|0,4923114
0,1615325|-0,2175534|0,4932404
0,151026|-0,2237279|0,485513
#END#
#START#
0,3980274|-0,1757174|0,2435165
0,3746969|-0,2131744|0,2322745
0,3726198|-0,2023031|0,2525369
0,3856981|-0,186114|0,2903188
0,4116285|-0,1736672|0,3075298
0,4276028|-0,1681427|0,3127725
0,378808|-0,2002789|0,2449876
0,3892657|-0,144154|0,2702676
0,4051548|-0,1062782|0,2835929
0,4152192|-0,08701698|0,2919065
0,421667|-0,07451633|0,2952984
0,3837658|-0,2012553|0,2397617
0,4033662|-0,1485001|0,2548625
0,4313251|-0,1398032|0,2844748
0,4321184|-0,1643654|0,295925
0,4241258|-0,1788994|0,2946523
0,3908783|-0,2023668|0,233102
0,4174805|-0,1587606|0,2454535
0,4408007|-0,1598903|0,2743151
0,4313618|-0,1793242|0,2792925
0,4184445|-0,1913499|0,2754138
0,3976495|-0,2059405|0,2284983
0,4324203|-0,1697175|0,2382298
0,4460376|-0,1719933|0,2586816
0,438133|-0,1866869|0,2662848
0,4255038|-0,1935145|0,2668349
#END#
#START#
0,2358035|-0,1780285|0,3957543
0,2160249|-0,2137448|0,3759103
0,2054038|-0,200638|0,391822
0,1980576|-0,1815641|0,4296218
0,2116119|-0,1698748|0,4577182
0,2233237|-0,1657709|0,4702038
0,214893|-0,2001199|0,3884512
0,2195846|-0,1430227|0,4131626
0,2314929|-0,1060308|0,4311782
0,238727|-0,08780053|0,4436706
0,2443611|-0,07614339|0,4501456
0,2216631|-0,2021783|0,3864408
0,2386849|-0,1504421|0,4071666
0,2493255|-0,1415741|0,4466251
0,2410818|-0,1643435|0,458665
0,23279|-0,1782281|0,4548188
0,2309829|-0,2047439|0,3842786
0,2539366|-0,1631252|0,406557
0,2594419|-0,1639049|0,4432121
0,2459741|-0,1815248|0,443222
0,2350579|-0,1924164|0,4338448
0,2385506|-0,2094741|0,3838716
0,2688132|-0,1762918|0,4082569
0,2703652|-0,1779005|0,4325886
0,25764|-0,1906742|0,4359905
0,2454239|-0,1960719|0,4307521
#END#
#START#
-0,03898995|-0,1538012|0,4885822
-0,04377335|-0,1895882|0,4628073
-0,05952051|-0,1733379|0,4634098
-0,08829062|-0,1462064|0,4807189
-0,09881087|-0,1303119|0,50789
-0,1017863|-0,1239376|0,5242311
-0,05099954|-0,1745214|0,4686949
-0,05503348|-0,1146947|0,4856055
-0,05475823|-0,07612395|0,5050172
-0,05534713|-0,05595881|0,516605
-0,0537164|-0,04347062|0,5237113
-0,04575508|-0,1776908|0,4727966
-0,04040505|-0,1248047|0,4972405
-0,0630255|-0,1080817|0,5287117
-0,08227555|-0,1266735|0,531823
-0,08705527|-0,1405132|0,5238632
-0,03894607|-0,181606|0,4788317
-0,03325338|-0,1387125|0,5095132
-0,05764859|-0,1313633|0,5364264
-0,06987306|-0,1474488|0,5273382
-0,07111057|-0,1589783|0,5133809
-0,03504031|-0,1870637|0,4847206
-0,02800305|-0,1525841|0,5227616
-0,04489338|-0,1478197|0,5395513
-0,05840194|-0,1583372|0,5331132
-0,06298426|-0,1635823|0,5204859
#END#
#START#
-0,05270671|-0,1591291|0,4868771
-0,05112494|-0,1982843|0,4637378
-0,07119055|-0,1872961|0,4697327
-0,1010858|-0,1679966|0,4944545
-0,1074497|-0,151956|0,5228209
-0,1074902|-0,1443688|0,5389399
-0,06159309|-0,1849734|0,4720013
-0,08161341|-0,1282503|0,4877998
-0,0894815|-0,08826844|0,5033208
-0,09347636|-0,06696662|0,5119022
-0,09416571|-0,05326985|0,5164887
-0,05461236|-0,1856424|0,4743207
-0,0616594|-0,1314273|0,4945378
-0,07826756|-0,119509|0,5311714
-0,08760607|-0,1435018|0,5393851
-0,08884247|-0,1586587|0,5325041
-0,04541216|-0,1862901|0,4779855
-0,04694328|-0,1406484|0,5041454
-0,06435628|-0,1395694|0,5371581
-0,07181865|-0,1598556|0,5323354
-0,07248251|-0,1726621|0,5194911
-0,03831061|-0,1893448|0,4824603
-0,03372194|-0,1504204|0,515471
-0,04643564|-0,1512732|0,5366077
-0,05628541|-0,1664425|0,5338461
-0,06177586|-0,1740305|0,5228946
#END#
#START#
0,004887457|-0,1556333|0,4866855
-0,001350062|-0,1931191|0,4619535
-0,01577667|-0,1863871|0,4789517
-0,0276305|-0,1751002|0,5187246
-0,01574088|-0,161454|0,5468842
-0,004665329|-0,1545932|0,5586901
-0,007140852|-0,18231|0,4759306
-0,02222943|-0,1305196|0,5073048
-0,01942128|-0,09279554|0,5289151
-0,0171354|-0,07389322|0,5422345
-0,01483456|-0,06128535|0,5489325
-0,000143751|-0,1817148|0,4739929
-0,001811087|-0,1303985|0,5012152
0,006532905|-0,1236515|0,5408916
0,005464944|-0,1501921|0,5470683
0,001336644|-0,1642082|0,5390252
0,009437746|-0,1807054|0,471968
0,01670315|-0,1373014|0,4996129
0,02245602|-0,1424615|0,535529
0,01494249|-0,1627237|0,5304665
0,007966434|-0,1736363|0,517868
0,018171|-0,1825031|0,4713374
0,03501893|-0,1451256|0,5005641
0,03630632|-0,1516421|0,5242524
0,02785718|-0,1679576|0,5225508
0,0182472|-0,1747133|0,5142492
#END#
#START#
0,0142533|-0,1385712|0,4849785
0,004160642|-0,1753382|0,460436
-0,00920686|-0,1677936|0,4783142
-0,02025809|-0,1563731|0,518125
-0,008616748|-0,1446033|0,5468652
0,002513001|-0,1389582|0,559256
-0,0003378666|-0,1642659|0,4749241
-0,009751614|-0,1118197|0,5072458
0,0001377328|-0,07510245|0,5287446
0,006352441|-0,05741187|0,5425094
0,01108054|-0,0457788|0,5497151
0,006628985|-0,1640988|0,4725427
0,01004541|-0,1135679|0,4996531
0,02233518|-0,112283|0,5384973
0,01753838|-0,1392558|0,5404021
0,01093805|-0,1512705|0,5309491
0,01621384|-0,1636885|0,4699161
0,02772005|-0,1218007|0,496668
0,03508087|-0,1311733|0,5314826
0,02484079|-0,1496918|0,5246994
0,01599912|-0,1591842|0,512305
0,02475622|-0,1660648|0,4687524
0,04558779|-0,1307622|0,4968498
0,04740538|-0,1395041|0,5200672
0,03743915|-0,1549575|0,5182955
0,02686773|-0,1613134|0,5111137
#END#
#START#
-0,05432336|-0,1390826|0,4882509
-0,05409672|-0,177032|0,4635608
-0,07326858|-0,1638173|0,4661018
-0,106073|-0,1424341|0,4836652
-0,1185805|-0,1275856|0,5103353
-0,1206456|-0,1216094|0,5267864
-0,06406056|-0,1628739|0,4704523
-0,07854737|-0,104451|0,4862494
-0,08392496|-0,06581879|0,5045756
-0,08753181|-0,04596344|0,5161138
-0,08784822|-0,03321101|0,5229248
-0,05767682|-0,1645919|0,4739522
-0,06068616|-0,1109574|0,4959043
-0,08218101|-0,1007912|0,5305023
-0,09567788|-0,1238938|0,534386
-0,09812711|-0,1383995|0,5266461
-0,0493511|-0,1666435|0,4791577
-0,04919339|-0,122477|0,5072418
-0,0712769|-0,1214663|0,5370555
-0,08032322|-0,139933|0,5287515
-0,08097616|-0,1517541|0,5151122
-0,04362088|-0,1708376|0,4845749
-0,03962463|-0,1342091|0,5201499
-0,05559263|-0,134055|0,538645
-0,0668748|-0,1475621|0,533441
-0,071849|-0,1542491|0,5217708
#END#
#START#
-0,0785526|-0,09666829|0,4941515
-0,07384846|-0,1348608|0,4704263
-0,0900384|-0,1199838|0,4669326
-0,1246466|-0,0965297|0,4797319
-0,1448319|-0,08229542|0,5010589
-0,1591257|-0,07320569|0,5092335
-0,08312622|-0,1198641|0,4738392
-0,09605465|-0,05952029|0,4841355
-0,1040594|-0,01938691|0,4977607
-0,108951|0,001833842|0,5059903
-0,1100411|0,01515056|0,5115211
-0,0790498|-0,1221533|0,4792547
-0,08399279|-0,06746494|0,4997533
-0,1149562|-0,05057752|0,5231252
-0,133266|-0,07032526|0,5235916
-0,1360172|-0,08522685|0,516807
-0,07391634|-0,124948|0,4869386
-0,07905065|-0,07969996|0,5145529
-0,1101183|-0,07181818|0,534089
-0,1201317|-0,08942644|0,5251468
-0,1187006|-0,1028561|0,5130704
-0,07115784|-0,1296719|0,493995
-0,07596931|-0,09207723|0,5298443
-0,096521|-0,08660603|0,5424389
-0,1088927|-0,09804177|0,5356475
-0,1115549|-0,1049135|0,5232609
#END#
#START#
-0,1028629|0,01079169|0,4896255
-0,09732275|-0,03119729|0,4733152
-0,1141514|-0,01732656|0,4671017
-0,1491042|0,007725838|0,4738972
-0,1688439|0,02619274|0,4925962
-0,181281|0,03655327|0,5014969
-0,1071557|-0,01581959|0,473916
-0,1212067|0,04504576|0,4730632
-0,1304045|0,08582851|0,4825433
-0,1369579|0,1070872|0,4892415
-0,1390913|0,1206593|0,4937538
-0,1029296|-0,01698559|0,4796545
-0,1088572|0,04032077|0,4896808
-0,1400206|0,05997609|0,510319
-0,1578237|0,04017977|0,514424
-0,1610796|0,02434514|0,5109126
-0,09760892|-0,01821223|0,4877146
-0,1035725|0,03113099|0,5064239
-0,1347|0,04141246|0,524657
-0,1443547|0,0222677|0,5190561
-0,1434572|0,006757603|0,5098987
-0,09470627|-0,02148347|0,4955
-0,1002769|0,02168129|0,5236676
-0,1213591|0,02790206|0,5350862
-0,1332412|0,01496125|0,5302947
-0,1360246|0,005856477|0,5195556
#END#
#START#
-0,0831449|-0,08409753|0,4916036
-0,08005258|-0,1229583|0,4689841
-0,09916504|-0,1100029|0,4691679
-0,1325535|-0,08787712|0,4859005
-0,1468506|-0,07207526|0,5106468
-0,1557761|-0,06341677|0,5241401
-0,09049059|-0,1087914|0,4741199
-0,1072616|-0,04986132|0,4853677
-0,1142378|-0,009207129|0,499471
-0,1179454|0,01237553|0,5074432
-0,1182779|0,02602838|0,5121973
-0,08464143|-0,1102923|0,478292
-0,09056924|-0,05559253|0,4973016
-0,1157149|-0,04278683|0,5283525
-0,1294942|-0,06572312|0,53227
-0,1306163|-0,08061812|0,5248936
-0,07706772|-0,112017|0,4843876
-0,08034272|-0,06637404|0,5104342
-0,105839|-0,06307438|0,5374836
-0,1143425|-0,08219583|0,5302159
-0,1134092|-0,09501747|0,5174431
-0,07194639|-0,1158958|0,4905915
-0,07199773|-0,07739298|0,5248044
-0,08945501|-0,07567906|0,541735
-0,1003543|-0,08939326|0,5364854
-0,1038748|-0,09649211|0,5244455
#END#
#START#
-0,06025719|-0,2204136|0,4818504
-0,05561482|-0,2543693|0,4517446
-0,07607635|-0,2440102|0,4571484
-0,1085099|-0,2291195|0,4822367
-0,1203793|-0,2192285|0,5110974
-0,1283659|-0,2139226|0,5267954
-0,06693903|-0,2424939|0,4610602
-0,08871493|-0,1892809|0,4848281
-0,09784093|-0,1529313|0,507331
-0,1025587|-0,1336424|0,5195421
-0,1036056|-0,1211375|0,5267285
-0,06043179|-0,2438431|0,4641532
-0,06994796|-0,1947124|0,4933677
-0,09158097|-0,1922337|0,5290858
-0,1015414|-0,2174332|0,5290717
-0,1018391|-0,2305359|0,5188113
-0,05193421|-0,2455206|0,4688616
-0,05681514|-0,2061772|0,5027939
-0,07866255|-0,2127679|0,5323747
-0,08533314|-0,2310006|0,5216845
-0,08448722|-0,2406444|0,5063993
-0,04557678|-0,249647|0,4735876
-0,04553733|-0,2182032|0,5139378
-0,06125202|-0,2229681|0,5323893
-0,07066436|-0,2369236|0,525185
-0,0745962|-0,2420449|0,5123193
#END#
#START#
-0,1825524|-0,1491787|0,4745761
-0,173414|-0,1856909|0,4483598
-0,1951985|-0,1773032|0,4525622
-0,2299002|-0,1647659|0,4747223
-0,2392081|-0,1525432|0,504417
-0,2380145|-0,1471434|0,5210455
-0,1863783|-0,1741925|0,4563345
-0,2145211|-0,1215141|0,474262
-0,2232499|-0,08349825|0,4934356
-0,2288917|-0,06500117|0,5062681
-0,2306339|-0,05271889|0,5136996
-0,1797678|-0,174331|0,4595343
-0,1952538|-0,1234956|0,4832333
-0,2142083|-0,1173718|0,5188643
-0,220979|-0,1438279|0,5203796
-0,2197905|-0,1571449|0,5104142
-0,1711368|-0,1743678|0,4643717
-0,1809027|-0,1322588|0,4937312
-0,2004141|-0,1374622|0,5242857
-0,2046677|-0,1569587|0,5145594
-0,2028812|-0,1675897|0,5000945
-0,1643322|-0,1771164|0,4694716
-0,1683653|-0,1420114|0,5057352
-0,1834627|-0,1481096|0,5242339
-0,1905293|-0,1636476|0,517388
-0,1934403|-0,1701268|0,5049117
#END#
#START#
-0,2237042|-0,009703252|0,4760773
-0,2163599|-0,05122165|0,4584142
-0,2361402|-0,03881909|0,4548046
-0,2724414|-0,01690865|0,4625436
-0,2902679|0,001192637|0,4838448
-0,2960735|0,009665458|0,4982303
-0,2281624|-0,0366154|0,460713
-0,2479519|0,02238326|0,4630695
-0,2579915|0,06257489|0,4732658
-0,2659929|0,08280653|0,4819684
-0,2704051|0,09514327|0,4883322
-0,2227314|-0,03731905|0,4657238
-0,2325179|0,01889669|0,4774247
-0,2604549|0,03435789|0,504676
-0,2750253|0,01242783|0,510485
-0,2762696|-0,003355472|0,5053953
-0,2157923|-0,03797074|0,4728548
-0,2235656|0,01020801|0,4928433
-0,251323|0,01572142|0,5169616
-0,2592744|-0,00421193|0,5114102
-0,2579664|-0,01879911|0,5008712
-0,2112995|-0,04088439|0,4800055
-0,2166574|0,001147871|0,5091404
-0,2362822|0,003816525|0,5238635
-0,2468923|-0,0105668|0,5201336
-0,2503173|-0,01980426|0,5097606
#END#
#START#
0,03579189|-0,01056367|0,4885468
0,03807816|-0,05108031|0,4686739
0,01810062|-0,04057431|0,4735978
-0,01242455|-0,02131327|0,4976115
-0,0219497|-0,00510576|0,5242535
-0,0281889|0,003643383|0,5391243
0,02753415|-0,03775656|0,4757263
0,006063515|0,01951678|0,4874445
-0,004172311|0,05756807|0,5033459
-0,01015571|0,07680927|0,5148656
-0,01218994|0,08956531|0,5213703
0,03449009|-0,038055|0,4780925
0,02619127|0,01725374|0,49422
0,009769428|0,02997737|0,5306755
0,0008464314|0,006468689|0,5405537
-0,0009203703|-0,009448059|0,5362337
0,0436556|-0,03816042|0,4817928
0,04123616|0,009374747|0,5044932
0,02505299|0,01270128|0,5377241
0,01732379|-0,007867305|0,5347461
0,01565467|-0,02217287|0,5238833
0,05083967|-0,04068907|0,4864562
0,05493646|0,001134597|0,5164054
0,04348594|0,003035576|0,5377473
0,03320203|-0,01204615|0,5382245
0,02661623|-0,02128146|0,5294145
#END#
#START#
0,1335169|-0,1580203|0,4758301
0,123916|-0,1959009|0,4537139
0,1082285|-0,183322|0,4639523
0,09002385|-0,1630692|0,497937
0,09097926|-0,1494991|0,5280687
0,09070159|-0,1421305|0,5448322
0,1180658|-0,1821611|0,4637384
0,1101597|-0,1236962|0,4841925
0,1120075|-0,08617754|0,5039191
0,1127486|-0,06794114|0,5185819
0,114237|-0,05693308|0,5279922
0,1250981|-0,183756|0,4643055
0,1305753|-0,1296427|0,4855867
0,1258388|-0,1172296|0,525221
0,1156396|-0,1401679|0,5353563
0,1104482|-0,1549318|0,5297044
0,13458|-0,1856272|0,4656391
0,1459593|-0,1408809|0,4912321
0,1386497|-0,1383285|0,5276783
0,1270378|-0,1571093|0,5258352
0,1205645|-0,169754|0,5146286
0,1421045|-0,1897051|0,4681889
0,1603057|-0,152609|0,4987372
0,1543108|-0,151961|0,5223187
0,1419144|-0,1653575|0,5232902
0,1322899|-0,1720149|0,514908
#END#
#START#
0,01626003|-0,2295479|0,4972255
0,01470782|-0,2635646|0,467585
-0,004158208|-0,253151|0,476084
-0,03149721|-0,2380912|0,5064746
-0,03827021|-0,2284118|0,5373287
-0,04167007|-0,2236107|0,5545249
0,005522548|-0,251721|0,4783115
-0,01081889|-0,1980315|0,505161
-0,01753945|-0,1654579|0,531508
-0,02182478|-0,1500747|0,5484978
-0,02313384|-0,1402124|0,5590517
0,01244891|-0,2531583|0,4801893
0,00914472|-0,2036156|0,5101185
-0,006057|-0,2007244|0,5490102
-0,01597327|-0,225896|0,550683
-0,01796722|-0,2388867|0,5404474
0,02162264|-0,2549236|0,4833104
0,02364828|-0,2151651|0,5171689
0,007637335|-0,2209028|0,5502734
-0,001002492|-0,2390182|0,54087
-0,002850536|-0,2484581|0,5255206
0,02867193|-0,2591099|0,4868526
0,03668548|-0,2272774|0,5261651
0,02506929|-0,2313807|0,5470701
0,01433917|-0,2451122|0,541342
0,008320407|-0,2497805|0,5290866
#END#
#START#
-0,1229281|-0,1763361|0,5084581
-0,1214794|-0,2140986|0,4848118
-0,1403454|-0,2013479|0,486354
-0,1722984|-0,1795223|0,5062691
-0,1849617|-0,1644633|0,532566
-0,1926347|-0,1563611|0,5470666
-0,1313961|-0,2003379|0,4907818
-0,1472505|-0,1418111|0,5048808
-0,1537788|-0,1032425|0,5231275
-0,1579748|-0,08332416|0,5343682
-0,1586419|-0,07053709|0,5410882
-0,125343|-0,2020139|0,4945417
-0,1299288|-0,1481618|0,515506
-0,1534583|-0,137946|0,5484521
-0,1662526|-0,1617888|0,5506914
-0,1675013|-0,1761858|0,5424811
-0,1174637|-0,2039637|0,5001233
-0,1190264|-0,1595988|0,5274973
-0,1433338|-0,1591109|0,5557843
-0,1515199|-0,1777702|0,5470217
-0,1513238|-0,1898621|0,533655
-0,1120254|-0,2080504|0,5059081
-0,1100949|-0,1711252|0,5411385
-0,1270324|-0,1713294|0,5587699
-0,1379553|-0,1848409|0,5528963
-0,1421592|-0,1913868|0,540828
#END#
#START#
-0,0824985|-0,1318151|0,5171483
-0,07839584|-0,1720975|0,4977287
-0,0990577|-0,1612404|0,4998657
-0,1327191|-0,1405009|0,5170386
-0,1431312|-0,1222658|0,5425869
-0,1439112|-0,1139118|0,558101
-0,08976497|-0,1586996|0,5033301
-0,1115144|-0,1017195|0,5126919
-0,1303986|-0,08203978|0,5390887
-0,1414624|-0,08644022|0,5593854
-0,1469507|-0,0947229|0,5707793
-0,08304226|-0,1591907|0,5065798
-0,09234094|-0,1036642|0,5217997
-0,113153|-0,0896617|0,5546285
-0,1220185|-0,11465|0,5605777
-0,1203023|-0,1287451|0,5515696
-0,07428748|-0,1595285|0,5114353
-0,07890359|-0,1116423|0,5340997
-0,09836959|-0,1061983|0,564267
-0,1048186|-0,1265917|0,5586832
-0,1025342|-0,1382871|0,5447477
-0,06783967|-0,1621957|0,5170066
-0,06711333|-0,1207081|0,5474577
-0,08085113|-0,119273|0,5660892
-0,08919296|-0,134747|0,5606692
-0,09125104|-0,1411303|0,5477203
#END#
#START#
-0,07362472|-0,1291752|0,5185073
-0,07021195|-0,168584|0,4970407
-0,09091349|-0,1581924|0,5009242
-0,1240276|-0,1395308|0,5206034
-0,1314823|-0,1227063|0,54796
-0,1292747|-0,1155443|0,5637842
-0,08147291|-0,1555908|0,50394
-0,1032522|-0,0992718|0,517258
-0,1186417|-0,07684913|0,5453876
-0,1282537|-0,07565163|0,5667075
-0,1335487|-0,07732592|0,5803655
-0,07453891|-0,1560732|0,5067174
-0,08345357|-0,1016932|0,524837
-0,1018371|-0,09153171|0,561002
-0,1111292|-0,1159861|0,5679584
-0,1122374|-0,1312687|0,5615181
-0,06545705|-0,1564332|0,5109763
-0,0691724|-0,1102824|0,5355529
-0,08753156|-0,1094398|0,5675985
-0,09433138|-0,1296838|0,5615919
-0,09452637|-0,1425631|0,5489365
-0,05859406|-0,1592235|0,5159646
-0,05659165|-0,1194376|0,5479722
-0,07032551|-0,1203394|0,5680197
-0,07958828|-0,1358361|0,5645009
-0,08434997|-0,1439341|0,5536594
#END#
#START#
-0,08654056|-0,13431|0,511583
-0,08131739|-0,1732523|0,4889052
-0,1023326|-0,162948|0,4923791
-0,1359464|-0,1447253|0,5121902
-0,1447625|-0,1285707|0,5397972
-0,1440661|-0,1215123|0,5558877
-0,09309343|-0,1603602|0,4958238
-0,1162611|-0,1043049|0,5092682
-0,1273798|-0,06629302|0,5261156
-0,1337862|-0,04671693|0,5368947
-0,1359627|-0,03383926|0,5431029
-0,08635344|-0,160844|0,4989331
-0,09712768|-0,1069807|0,5181712
-0,1184951|-0,09660888|0,552682
-0,1276047|-0,1212827|0,5590837
-0,1274901|-0,1364339|0,5521562
-0,07755657|-0,1612417|0,5036313
-0,08325086|-0,115706|0,5294614
-0,1031315|-0,115122|0,5602795
-0,1089576|-0,135271|0,5530716
-0,1075692|-0,1471882|0,5394784
-0,07092941|-0,1641043|0,5088907
-0,07108583|-0,1250138|0,5422032
-0,08523855|-0,1257566|0,5612937
-0,09381363|-0,1412827|0,5562691
-0,09720204|-0,1484926|0,5442435
#END#