#START#
-0,08365263|-0,1338752|0,5148231
-0,0702453|-0,1494081|0,4739551
-0,07196274|-0,1281439|0,4794863
-0,09668341|-0,09469413|0,4920672
-0,1241238|-0,08248622|0,5079749
-0,1389149|-0,07702378|0,5168023
-0,07416915|-0,1356281|0,4850071
-0,07530002|-0,09793032|0,5353297
-0,08692495|-0,08154208|0,5708203
-0,1035199|-0,07070689|0,5836374
-0,1165606|-0,06444756|0,587569
-0,07724196|-0,1416406|0,486893
-0,08409031|-0,1166854|0,5404
-0,1132423|-0,09415325|0,5602871
-0,1306372|-0,08672465|0,5412343
-0,1332356|-0,08692766|0,5248969
-0,08183014|-0,1494942|0,4897082
-0,09710589|-0,131548|0,5387608
-0,125883|-0,1107384|0,5485795
-0,1303396|-0,1066411|0,5272678
-0,1252668|-0,1086363|0,5100453
-0,08745825|-0,1564295|0,4898263
-0,1109405|-0,1454061|0,5345765
-0,1298083|-0,1306855|0,5357917
-0,1286193|-0,1266883|0,5179898
-0,1176403|-0,126403|0,5084125
#END#
#START#
-0,09502876|-0,1489236|0,5181163
-0,07988702|-0,1714291|0,4804178
-0,06768862|-0,1577786|0,4923506
-0,05531343|-0,1194021|0,5040626
-0,06825545|-0,08933426|0,5117283
-0,08107051|-0,07791908|0,5146294
-0,07715244|-0,1594462|0,4940062
-0,0742304|-0,1331804|0,5503325
-0,07890946|-0,0961425|0,5532314
-0,07934513|-0,07984162|0,5363957
-0,07909341|-0,07291748|0,5231569
-0,08414195|-0,1603256|0,4926679
-0,09450822|-0,1375734|0,5451788
-0,1008832|-0,09440639|0,5500558
-0,09552132|-0,07623015|0,5324056
-0,09075136|-0,06824514|0,5191537
-0,09364185|-0,1610333|0,4909933
-0,111274|-0,135882|0,5351822
-0,115819|-0,09672612|0,5403458
-0,1076115|-0,08257081|0,5256338
-0,1004722|-0,07364611|0,5126302
-0,1015353|-0,1605983|0,486847
-0,1266619|-0,1326602|0,523793
-0,1269666|-0,1051023|0,5283445
-0,1222531|-0,09022854|0,521009
-0,1150119|-0,08031316|0,5146317
#END#
#START#
-0,0953007|-0,1477879|0,510009
-0,07713713|-0,1717312|0,4729157
-0,0626663|-0,1558074|0,4859171
-0,03466053|-0,1322962|0,5069461
-0,01449068|-0,1126468|0,519614
0,0008586484|-0,1039789|0,5268444
-0,07330976|-0,1572679|0,4867664
-0,07601891|-0,1290359|0,5425445
-0,08079096|-0,1167793|0,5844866
-0,08358894|-0,1113061|0,6070335
-0,08650804|-0,109511|0,6210824
-0,08115549|-0,1591532|0,4850269
-0,09738733|-0,134936|0,5408719
-0,1099098|-0,119163|0,5857854
-0,1170533|-0,1151783|0,6095409
-0,1222511|-0,1126741|0,6244355
-0,09165835|-0,1611619|0,4828183
-0,1160022|-0,1358377|0,5329926
-0,1300879|-0,1258504|0,5707371
-0,1386717|-0,1200221|0,5903816
-0,1454929|-0,1176183|0,6055882
-0,09942045|-0,1614541|0,4784008
-0,1306277|-0,1378783|0,5179889
-0,1461227|-0,1318299|0,543336
-0,1571231|-0,1276903|0,555537
-0,1645385|-0,1245926|0,5667493
#END#
#START#
-0,09382953|-0,1458799|0,5123022
-0,07686206|-0,1641983|0,4730994
-0,06463336|-0,1496332|0,4869721
-0,05107049|-0,1154684|0,5083967
-0,06107588|-0,0884769|0,5235452
-0,07037985|-0,07482313|0,5300671
-0,07443898|-0,1524357|0,4878662
-0,07447378|-0,1314464|0,5461126
-0,08300452|-0,09650585|0,5600319
-0,08664376|-0,07428965|0,5534083
-0,0884956|-0,06168209|0,545732
-0,08157776|-0,1540176|0,4861314
-0,09478457|-0,1364249|0,5413026
-0,1060984|-0,09682656|0,560963
-0,1076487|-0,0716409|0,5576898
-0,1071755|-0,05648084|0,5521533
-0,09126312|-0,1556236|0,4840233
-0,1119403|-0,1348797|0,5323558
-0,1215356|-0,1005834|0,5536169
-0,1213551|-0,07848316|0,5530744
-0,1204741|-0,06145599|0,5504794
-0,09911822|-0,1553288|0,4797925
-0,1269868|-0,1323484|0,5203502
-0,1310211|-0,1072534|0,5343879
-0,1313098|-0,09019851|0,5346682
-0,1284218|-0,0767215|0,5342771
#END#
#START#
-0,08786116|-0,1555754|0,5100597
-0,07247554|-0,1684676|0,4666744
-0,05641382|-0,158603|0,4835019
-0,02637321|-0,1448518|0,5094733
-0,006221246|-0,1310449|0,5273342
0,01010478|-0,1270742|0,53675
-0,06712849|-0,1593476|0,4842909
-0,06631128|-0,1496547|0,5460778
-0,06483535|-0,1523117|0,5902658
-0,06470478|-0,1570168|0,6132458
-0,06605972|-0,1612278|0,6270136
-0,0751164|-0,159915|0,4823952
-0,08840292|-0,1528226|0,5435864
-0,09917703|-0,1522019|0,59224
-0,1057642|-0,1592429|0,6157421
-0,1105779|-0,163387|0,6303983
-0,08576915|-0,1602181|0,4801168
-0,1075155|-0,1493369|0,5359646
-0,1230874|-0,1494312|0,5743786
-0,1324112|-0,1521579|0,5945136
-0,1397469|-0,1561642|0,6091322
-0,0935759|-0,1584589|0,4761331
-0,1223126|-0,1455369|0,5207269
-0,14072|-0,1454118|0,5434973
-0,1531653|-0,1459191|0,5553588
-0,1617207|-0,1473007|0,5661064
#END#
#START#
-0,08560073|-0,1397261|0,5036043
-0,068607|-0,1616518|0,4644389
-0,0597106|-0,1374208|0,4719701
-0,03843312|-0,1037415|0,4858649
-0,02699972|-0,07847805|0,4968276
-0,0131267|-0,06559567|0,5013938
-0,06803528|-0,1433989|0,4759835
-0,06903578|-0,1087553|0,5271437
-0,07194821|-0,08950571|0,5659176
-0,07401765|-0,0791621|0,5867096
-0,07556061|-0,07458201|0,6003389
-0,0744443|-0,1488624|0,4767055
-0,08543274|-0,12298|0,5326326
-0,09297222|-0,1059021|0,5782099
-0,09487031|-0,101779|0,6030041
-0,09671078|-0,09945381|0,6186996
-0,08323473|-0,1556394|0,4777724
-0,103278|-0,1330901|0,5310264
-0,1104625|-0,1253792|0,571208
-0,1136738|-0,1239474|0,5932891
-0,1152622|-0,1247419|0,6100348
-0,09092367|-0,1598424|0,475983
-0,1186683|-0,1442481|0,5204343
-0,1309836|-0,1443515|0,5475479
-0,1390158|-0,1464402|0,5625139
-0,1434006|-0,1478676|0,575541
#END#
#START#
-0,09046426|-0,1455643|0,5147701
-0,0654019|-0,1573219|0,4745716
-0,07322814|-0,130852|0,4808863
-0,07494441|-0,09047353|0,4936554
-0,07968085|-0,06426491|0,5058342
-0,07343084|-0,04585512|0,5094662
-0,07571021|-0,1405357|0,4858267
-0,0946237|-0,1089472|0,5348311
-0,1062309|-0,09313517|0,5737906
-0,1130945|-0,08475156|0,5945723
-0,1171421|-0,08080848|0,6079324
-0,07733483|-0,1487677|0,487318
-0,09877921|-0,1294375|0,5424672
-0,1138367|-0,1157547|0,587239
-0,1175512|-0,1109278|0,6116595
-0,120215|-0,1084845|0,6272183
-0,0800413|-0,1594828|0,4894156
-0,1067387|-0,147804|0,5433813
-0,1140401|-0,1399007|0,5838237
-0,1159369|-0,1374828|0,6059616
-0,1156148|-0,1367211|0,6227807
-0,08369534|-0,1676198|0,4885856
-0,1129231|-0,1666342|0,5357754
-0,1198548|-0,1673711|0,5657389
-0,12466|-0,1702153|0,5815774
-0,1268717|-0,1710827|0,5951903
#END#
#START#
-0,0844788|-0,1527781|0,516525
-0,06602471|-0,1546104|0,4715472
-0,08782369|-0,1378371|0,4786254
-0,1124768|-0,1050536|0,4896098
-0,1302447|-0,08387672|0,4999983
-0,135873|-0,06489647|0,4998065
-0,0824632|-0,1457207|0,4844158
-0,1076778|-0,1234736|0,535729
-0,1180823|-0,1097997|0,5752932
-0,1262643|-0,1042955|0,5966862
-0,1316722|-0,1022192|0,6100965
-0,07801451|-0,1526769|0,48658
-0,09548942|-0,1399013|0,5452567
-0,1013875|-0,1277287|0,5921639
-0,1011074|-0,1208664|0,616554
-0,1019851|-0,1175837|0,6321971
-0,07262918|-0,1620781|0,489727
-0,08884385|-0,1585855|0,5490632
-0,08755043|-0,1473717|0,5889983
-0,08537717|-0,1419095|0,6105146
-0,08176586|-0,1373967|0,6263309
-0,07016657|-0,170684|0,4902214
-0,08252207|-0,1782037|0,5435604
-0,07820711|-0,1761643|0,574175
-0,0754602|-0,1776578|0,5907113
-0,07289534|-0,1765558|0,6042452
#END#
#START#
-0,0687324|-0,1449771|0,5210046
-0,05913192|-0,1499172|0,4727803
-0,08551452|-0,1497527|0,4838935
-0,1251596|-0,1404753|0,4959796
-0,1526168|-0,1348068|0,5063782
-0,1704886|-0,1267659|0,50499
-0,07567839|-0,1496945|0,4890373
-0,1037124|-0,1334234|0,5411576
-0,1210592|-0,1232741|0,5785224
-0,1305849|-0,1201905|0,5997909
-0,1356072|-0,1189017|0,6134096
-0,06747153|-0,1507708|0,4909208
-0,08261415|-0,1341324|0,548862
-0,09347448|-0,1220905|0,5948462
-0,09728883|-0,1136242|0,6182542
-0,09942339|-0,1091464|0,6334586
-0,05676499|-0,1525986|0,4938225
-0,06357956|-0,1418072|0,5532845
-0,06430238|-0,1266482|0,5914536
-0,06353152|-0,1182005|0,6120517
-0,06194925|-0,1102201|0,6267951
-0,04885533|-0,1567|0,4949264
-0,0452705|-0,1528138|0,5485217
-0,03504621|-0,1436375|0,5740231
-0,02732234|-0,1387487|0,5889437
-0,02285088|-0,1338575|0,6010405
#END#
#START#
-0,06574959|-0,1466803|0,5441951
-0,05486938|-0,15798|0,4975004
-0,05758247|-0,1755535|0,5172462
-0,05728699|-0,2020578|0,5508191
-0,05219805|-0,2110769|0,5794153
-0,05093329|-0,2213119|0,5953736
-0,05782021|-0,1649508|0,5179142
-0,0825673|-0,1699866|0,5748927
-0,09433197|-0,1727896|0,6140897
-0,09476273|-0,174482|0,6375344
-0,09337755|-0,1749242|0,6521155
-0,05638123|-0,1573498|0,5168462
-0,08093935|-0,1476442|0,5736682
-0,09989583|-0,1397071|0,6176102
-0,1100036|-0,1344263|0,6401263
-0,1147595|-0,1310869|0,6550574
-0,05408973|-0,1471932|0,5158844
-0,07205107|-0,1286944|0,5711058
-0,09156986|-0,1135389|0,6036468
-0,1005921|-0,1045346|0,6219127
-0,1082513|-0,0970956|0,6350262
-0,04940299|-0,1397114|0,5142978
-0,05891857|-0,1143789|0,5609475
-0,07091553|-0,09416714|0,5785671
-0,07748576|-0,0807743|0,5879461
-0,08379002|-0,07160942|0,5961004
#END#
#START#
-0,06745813|-0,1325092|0,557515
-0,04666643|-0,1439857|0,5176664
-0,0416504|-0,1217217|0,531172
-0,03485446|-0,08774657|0,5554921
-0,05000562|-0,07021099|0,5769628
-0,0642065|-0,06414613|0,5851183
-0,0490437|-0,1295267|0,5327646
-0,05536157|-0,107386|0,5879734
-0,07547998|-0,08017978|0,5849413
-0,0713861|-0,08629095|0,5632197
-0,06075877|-0,09805083|0,5587028
-0,05464828|-0,135219|0,5316347
-0,06920692|-0,1228579|0,5832539
-0,09184346|-0,09060428|0,5764169
-0,07593945|-0,1015272|0,5561085
-0,06563371|-0,1139583|0,561739
-0,0624954|-0,1423679|0,5303599
-0,08408697|-0,1312764|0,5737071
-0,1028548|-0,1020102|0,566249
-0,08636303|-0,1106642|0,554292
-0,07463444|-0,1244789|0,558302
-0,06969293|-0,1464822|0,5270162
-0,1009686|-0,1364369|0,5638717
-0,1111187|-0,1181153|0,5590409
-0,09558503|-0,1228153|0,5491022
-0,08461909|-0,1317831|0,5535847
#END#
#START#
-0,07570907|-0,1717788|0,5498173
-0,05499871|-0,188211|0,507906
-0,04644373|-0,1691732|0,5259241
-0,04122283|-0,136401|0,553687
-0,05895805|-0,1203522|0,5736493
-0,06566473|-0,1085088|0,586691
-0,05542227|-0,1746659|0,5262148
-0,05931013|-0,1541111|0,5832223
-0,07939096|-0,1206114|0,5924199
-0,08847304|-0,1002341|0,5860186
-0,09487274|-0,08799524|0,581346
-0,06208792|-0,1779746|0,5244175
-0,07710424|-0,1635249|0,5763202
-0,09445658|-0,1227524|0,5744103
-0,09154991|-0,1048519|0,5563008
-0,08825121|-0,09542768|0,5436472
-0,07127309|-0,1818292|0,5220779
-0,09245813|-0,1661662|0,5644808
-0,1036083|-0,1273486|0,5569554
-0,0955097|-0,1145569|0,5411636
-0,08920826|-0,105036|0,5284419
-0,07902185|-0,1831658|0,5177782
-0,1077226|-0,1648585|0,5519916
-0,1059855|-0,1379039|0,5434602
-0,09521233|-0,1355987|0,5294741
-0,08425187|-0,1373472|0,521023
#END#
#START#
-0,07624039|-0,1648153|0,5468727
-0,05852531|-0,18362|0,5084001
-0,0459931|-0,1648322|0,5233707
-0,02769896|-0,1387819|0,5518575
-0,03323634|-0,1182584|0,5754331
-0,04196106|-0,1062814|0,5849486
-0,05609297|-0,1692285|0,5238824
-0,05749233|-0,1465399|0,5790389
-0,06395216|-0,1141603|0,5811361
-0,06220297|-0,1200454|0,5597443
-0,05687763|-0,1361384|0,5581249
-0,06346987|-0,1723115|0,5219732
-0,07651098|-0,154391|0,5736613
-0,08556188|-0,1158324|0,5757741
-0,07522175|-0,1261459|0,5527888
-0,07094775|-0,1419549|0,5583989
-0,07345502|-0,1758468|0,5196935
-0,09325392|-0,1557156|0,5632514
-0,1011134|-0,1212936|0,5626156
-0,0882313|-0,1295893|0,5471284
-0,08155002|-0,147071|0,5487707
-0,0814053|-0,1766847|0,5157086
-0,1098214|-0,1549898|0,5516915
-0,1141478|-0,1336874|0,5498364
-0,1006021|-0,1362406|0,5381374
-0,09068665|-0,1473125|0,539406
#END#
#START#
-0,0837051|-0,1670721|0,5406107
-0,06345613|-0,1862129|0,5024534
-0,05627527|-0,1663291|0,5145791
-0,06021544|-0,1279203|0,533448
-0,09118587|-0,1230748|0,5467914
-0,1047586|-0,1329361|0,5452327
-0,06424419|-0,1720345|0,5161374
-0,06732888|-0,1444373|0,57235
-0,07368933|-0,1359321|0,6154108
-0,07685512|-0,1322631|0,6382662
-0,07947025|-0,1318685|0,6524833
-0,07047658|-0,1754821|0,5149562
-0,08660351|-0,1550747|0,5715961
-0,1013147|-0,1379029|0,6139832
-0,1102226|-0,1277381|0,6347272
-0,1164992|-0,121724|0,6481279
-0,07917894|-0,1796144|0,5135225
-0,1049282|-0,1593264|0,5629657
-0,1252839|-0,1397559|0,5924813
-0,1368747|-0,1247395|0,6035642
-0,1462737|-0,1148112|0,6133941
-0,08695881|-0,1818472|0,5097334
-0,11935|-0,1624676|0,548111
-0,13439|-0,1415899|0,5593424
-0,1438213|-0,1278154|0,5618511
-0,1495492|-0,1155469|0,5643393
#END#
#START#
-0,08578067|-0,1718405|0,5417066
-0,06543253|-0,1909219|0,5078037
-0,05858146|-0,1720023|0,5183225
-0,06079531|-0,1334487|0,5318762
-0,08465405|-0,1151314|0,5424605
-0,100648|-0,1126879|0,5451654
-0,06648461|-0,1772235|0,5199569
-0,07159796|-0,1488237|0,571183
-0,08852176|-0,1176211|0,5821979
-0,09817093|-0,098373|0,5759018
-0,1039593|-0,08769903|0,5697616
-0,07247586|-0,1805701|0,5187245
-0,0883546|-0,1592279|0,5661961
-0,1033176|-0,1234821|0,5663322
-0,09437072|-0,1230434|0,5415986
-0,08542527|-0,134382|0,5353875
-0,0807488|-0,1845701|0,5171999
-0,1035967|-0,1638197|0,5561395
-0,1149088|-0,1312636|0,5525164
-0,1025327|-0,1345942|0,5357691
-0,0921249|-0,1480083|0,5317805
-0,08796939|-0,1868632|0,5134132
-0,119336|-0,1663585|0,5452086
-0,1264049|-0,1443051|0,5430945
-0,1161117|-0,139969|0,5300811
-0,1036523|-0,1448222|0,5264839
#END#
#START#
-0,08091493|-0,1661486|0,5328156
-0,08622437|-0,1932899|0,4989876
-0,1004998|-0,1754506|0,5021433
-0,1276913|-0,1477878|0,5124592
-0,1416456|-0,1350196|0,5359614
-0,1455943|-0,1338242|0,5519952
-0,09301073|-0,1789371|0,5080521
-0,0919889|-0,1274188|0,5378105
-0,08169271|-0,09700892|0,5602052
-0,08533874|-0,0853123|0,5793015
-0,09109099|-0,08198334|0,5915321
-0,08841868|-0,1835966|0,5117037
-0,07900237|-0,1401852|0,5486156
-0,08303311|-0,1212676|0,5852371
-0,100078|-0,1220211|0,6033576
-0,1131492|-0,1264993|0,6096091
-0,08260429|-0,1895889|0,5169744
-0,07405719|-0,1560599|0,5586981
-0,08435448|-0,145688|0,5916692
-0,1030838|-0,1499766|0,6003315
-0,1180398|-0,1552218|0,6040834
-0,07997335|-0,1963463|0,5213361
-0,07090008|-0,1736825|0,5661159
-0,07807685|-0,1677374|0,588509
-0,08907759|-0,1684746|0,6003709
-0,09990695|-0,1678963|0,6075435
#END#
#START#
-0,08685163|-0,159739|0,5471221
-0,08365261|-0,1849035|0,5086556
-0,1061319|-0,1813333|0,5226002
-0,1403754|-0,1723887|0,5439135
-0,1577654|-0,1649187|0,563825
-0,1756116|-0,1595723|0,5675677
-0,0961502|-0,1783742|0,5246039
-0,1187978|-0,1422766|0,5639037
-0,1310109|-0,1378607|0,597968
-0,1353772|-0,1482362|0,6175599
-0,1365259|-0,1582018|0,6271076
-0,08833538|-0,1782158|0,5252669
-0,0982316|-0,1405493|0,5673198
-0,1072999|-0,1316776|0,6097981
-0,1129017|-0,1359089|0,6330334
-0,1163457|-0,1417523|0,6463705
-0,07812338|-0,1781277|0,5266901
-0,07954663|-0,1444042|0,5721352
-0,08061888|-0,1266822|0,6058557
-0,0828817|-0,1262201|0,6269201
-0,08454312|-0,1280635|0,6428399
-0,07022802|-0,1807996|0,528297
-0,06064178|-0,1524888|0,5703281
-0,04933655|-0,1307936|0,5844771
-0,04084352|-0,1184244|0,5923194
-0,03598807|-0,1083611|0,5989329
#END#
#START#
-0,0883446|-0,1678168|0,5502148
-0,07884093|-0,1843287|0,5063747
-0,1043859|-0,1835581|0,5189736
-0,1424983|-0,1752237|0,5316799
-0,1668257|-0,1685262|0,5438371
-0,184809|-0,1628817|0,5421931
-0,09460687|-0,1809561|0,5228096
-0,1222624|-0,1548102|0,566485
-0,1390186|-0,1412011|0,6009023
-0,148105|-0,1337456|0,6202618
-0,1525732|-0,1297946|0,6322883
-0,08659708|-0,180662|0,5243214
-0,1022007|-0,1521855|0,5727702
-0,1144636|-0,1349317|0,6144793
-0,1195807|-0,1232871|0,6348395
-0,1220813|-0,1162447|0,6476388
-0,07618768|-0,1805742|0,5267806
-0,08404477|-0,157747|0,5781286
-0,08859446|-0,1447071|0,6150917
-0,09063319|-0,1385383|0,6352381
-0,09112947|-0,1326039|0,6498023
-0,06830702|-0,1832557|0,5285663
-0,0668506|-0,1678149|0,5783802
-0,06846458|-0,1644889|0,6045019
-0,06811254|-0,165551|0,6198907
-0,06936508|-0,1652972|0,6328173
#END#
#START#
-0,08487692|-0,165934|0,5495368
-0,07301734|-0,1766186|0,5045805
-0,09462895|-0,1783355|0,5145862
-0,1271369|-0,195282|0,5329525
-0,1455458|-0,2119384|0,5490043
-0,1608478|-0,2204027|0,5542592
-0,08669639|-0,1756013|0,5197017
-0,1202584|-0,1558793|0,5655479
-0,139524|-0,1364057|0,5976892
-0,1490833|-0,1230802|0,6131791
-0,1533028|-0,1143187|0,6222727
-0,07996522|-0,1752237|0,5221685
-0,1003542|-0,1536871|0,5730549
-0,1127584|-0,1440802|0,6163751
-0,1186211|-0,1385849|0,6388823
-0,1216279|-0,135395|0,6530467
-0,07108288|-0,1751096|0,525743
-0,08189512|-0,1605369|0,5777187
-0,08499748|-0,1644169|0,6155845
-0,08774517|-0,1733527|0,6343539
-0,08896601|-0,1791631|0,6489775
-0,06318843|-0,1776298|0,527624
-0,06464191|-0,1701245|0,5775387
-0,06602539|-0,1787815|0,6016935
-0,06586802|-0,1863028|0,6158177
-0,06783208|-0,192384|0,6271056
#END#
#START#
-0,08493946|-0,1650022|0,5566214
-0,07617953|-0,1799747|0,5131767
-0,1006504|-0,1818121|0,5265575
-0,1371687|-0,1782689|0,5453277
-0,1555141|-0,1738854|0,5649765
-0,1738211|-0,1691983|0,5678174
-0,09095343|-0,1784456|0,5298022
-0,1196318|-0,155088|0,5743086
-0,136409|-0,1531327|0,6072997
-0,143288|-0,1626888|0,6265945
-0,145794|-0,1714422|0,6368728
-0,08309874|-0,1776474|0,5310031
-0,09967109|-0,150541|0,5803236
-0,1122339|-0,1333909|0,6206638
-0,1186202|-0,1265443|0,6429971
-0,1223752|-0,1247308|0,6573068
-0,07285797|-0,1768734|0,5330912
-0,08080225|-0,1534829|0,5854082
-0,08615447|-0,1333451|0,618364
-0,08869388|-0,1253466|0,6379493
-0,0900747|-0,1200089|0,6529167
-0,06478611|-0,1790225|0,5346614
-0,06091982|-0,1619005|0,5827639
-0,05234421|-0,148137|0,6037568
-0,04545308|-0,1410259|0,617346
-0,04200103|-0,1358631|0,6287363
#END#
#START#
-0,08355993|-0,1624382|0,5555689
-0,07332319|-0,1771464|0,5134874
-0,09647583|-0,1783855|0,5241775
-0,1324132|-0,1812017|0,5447473
-0,151766|-0,1838594|0,5647784
-0,1700124|-0,1836613|0,5693836
-0,08743517|-0,1753025|0,5282141
-0,118187|-0,1494929|0,5714309
-0,1282177|-0,1230946|0,6038581
-0,1336335|-0,1076765|0,6193327
-0,1354332|-0,09775501|0,6280269
-0,08007073|-0,1748638|0,5300821
-0,09815595|-0,147732|0,5779741
-0,1070214|-0,1389016|0,6207802
-0,1120173|-0,1394349|0,644141
-0,1146956|-0,140809|0,6586959
-0,07047866|-0,1745328|0,533026
-0,0807028|-0,1546765|0,5829901
-0,08730277|-0,1581073|0,6205754
-0,09244908|-0,1693694|0,6374043
-0,09557161|-0,1772182|0,6507626
-0,06265473|-0,1770642|0,5351074
-0,06417207|-0,1643329|0,5846805
-0,07040885|-0,1710593|0,609292
-0,07344489|-0,1793187|0,6220758
-0,07785425|-0,1857379|0,6324503
#END#
#START#
-0,08243122|-0,119588|0,5292571
-0,07604288|-0,1548266|0,5013859
-0,09829818|-0,1495465|0,5110604
-0,1339088|-0,1417571|0,5283311
-0,1504627|-0,1328001|0,5500619
-0,1620395|-0,1284717|0,5628096
-0,08905775|-0,1453012|0,5130383
-0,1161331|-0,09859557|0,5378781
-0,1302854|-0,05973509|0,547368
-0,1370771|-0,03839128|0,5498839
-0,139604|-0,0253456|0,550714
-0,0815444|-0,1443602|0,5142496
-0,09532816|-0,09243573|0,5410245
-0,1011682|-0,04722501|0,5521825
-0,102464|-0,02301634|0,5524137
-0,1026115|-0,008205146|0,5529531
-0,07173839|-0,1430648|0,516369
-0,07641382|-0,0935031|0,5472869
-0,07681412|-0,05507392|0,5543256
-0,07602063|-0,03392478|0,5567898
-0,07461385|-0,0182553|0,5570906
-0,06388497|-0,1446376|0,5191565
-0,05829502|-0,1037938|0,5503299
-0,04913671|-0,07659816|0,5556163
-0,04190193|-0,06134496|0,5576479
-0,03807744|-0,04903214|0,5592325
#END#
#START#
-0,08270803|-0,1124983|0,5249304
-0,07502679|-0,1491033|0,4984957
-0,09568051|-0,1438586|0,5097515
-0,1241834|-0,1365363|0,5387771
-0,1322383|-0,1263758|0,5661436
-0,1382511|-0,1214926|0,581957
-0,08709285|-0,138973|0,5102612
-0,1169548|-0,09276843|0,5333726
-0,1336212|-0,05971276|0,5509589
-0,1423638|-0,04109397|0,5599378
-0,1462529|-0,02923439|0,5645729
-0,08010072|-0,1375875|0,5110582
-0,09647954|-0,0858252|0,5354339
-0,1048664|-0,04265727|0,5516231
-0,1079685|-0,01901039|0,5554511
-0,1092033|-0,004481986|0,5581117
-0,07087636|-0,1356908|0,5126494
-0,07741752|-0,08768702|0,5421945
-0,07708989|-0,05611525|0,5645806
-0,07661936|-0,0397534|0,577972
-0,07539538|-0,02671732|0,5866979
-0,06282804|-0,1366136|0,5151612
-0,06040661|-0,0969904|0,5475
-0,06036013|-0,08440191|0,5702032
-0,05918449|-0,07951004|0,585592
-0,06053332|-0,07606684|0,5980245
#END#
#START#
-0,08134576|-0,112332|0,5239362
-0,07323369|-0,1478075|0,4971689
-0,09425587|-0,1418805|0,5063925
-0,1240942|-0,1338031|0,5332435
-0,1276169|-0,1214627|0,5615041
-0,1252654|-0,1153174|0,5770434
-0,08554286|-0,137589|0,5078816
-0,1148087|-0,09015618|0,5294714
-0,1278092|-0,0509019|0,5390952
-0,1340849|-0,02943017|0,5417743
-0,1362908|-0,01633445|0,5427229
-0,07864852|-0,1367219|0,5094447
-0,0941674|-0,08519222|0,5339623
-0,09860411|-0,04241568|0,5515444
-0,09990463|-0,01940764|0,5582733
-0,1000347|-0,005250114|0,5626577
-0,069607|-0,1355021|0,5120483
-0,0772737|-0,09109818|0,5429029
-0,08232359|-0,07615447|0,5753094
-0,08902173|-0,085538|0,5929342
-0,09393805|-0,09538504|0,60487
-0,0619477|-0,137019|0,5153472
-0,06203431|-0,1009768|0,5500294
-0,07006122|-0,09963135|0,5748706
-0,07564247|-0,1065051|0,5884661
-0,08257057|-0,1131445|0,5972502
#END#
#START#
-0,07287468|-0,1097307|0,5180571
-0,06702673|-0,1471087|0,495768
-0,08815053|-0,138992|0,5018497
-0,1210468|-0,1259437|0,5219215
-0,1292579|-0,1117464|0,5480709
-0,1263706|-0,1055178|0,5631047
-0,07903738|-0,1354827|0,5040126
-0,1038819|-0,08389795|0,51921
-0,1080901|-0,04334154|0,5315083
-0,1105573|-0,02194357|0,5377408
-0,1105131|-0,00897429|0,5407505
-0,07206479|-0,1352205|0,506075
-0,08438474|-0,08429958|0,5254048
-0,09667585|-0,07073672|0,5596349
-0,1035471|-0,0941497|0,5687001
-0,1039632|-0,1079444|0,5614088
-0,06297552|-0,1346876|0,5093275
-0,06905046|-0,09039655|0,534719
-0,08200383|-0,08555141|0,5661655
-0,08831901|-0,1057069|0,564243
-0,08875291|-0,1186137|0,5529857
-0,05579918|-0,1366678|0,5133751
-0,05468578|-0,09808767|0,5448646
-0,06499782|-0,09643053|0,565433
-0,07351727|-0,1114812|0,5667986
-0,07946012|-0,1207469|0,5588354
#END#
#START#
-0,06591135|-0,1086931|0,517285
-0,05816721|-0,1482008|0,5026815
-0,07957222|-0,1408783|0,5063857
-0,1137444|-0,1250012|0,5219175
-0,1212583|-0,1051967|0,5445205
-0,115857|-0,09670523|0,5573578
-0,07058804|-0,1366917|0,508161
-0,09866331|-0,08581012|0,5139581
-0,1140598|-0,07253216|0,538933
-0,1127636|-0,09072133|0,5514851
-0,1077845|-0,1045198|0,5481156
-0,06362278|-0,1358234|0,5103604
-0,07924167|-0,08316649|0,5203869
-0,09448132|-0,06668278|0,5512245
-0,09853029|-0,09107381|0,5595843
-0,09578024|-0,1031434|0,5497747
-0,05464178|-0,1343502|0,5137302
-0,06357576|-0,08478765|0,5314051
-0,07480417|-0,0681849|0,5585929
-0,08260666|-0,08638715|0,5658747
-0,0841274|-0,1024142|0,5594683
-0,04760313|-0,1352066|0,518346
-0,04814286|-0,08964002|0,5420163
-0,05377681|-0,07674786|0,5591652
-0,06273423|-0,08558108|0,5707104
-0,07133704|-0,09612976|0,570538
#END#
#START#
-0,07013936|-0,1078987|0,5192757
-0,06606113|-0,1441308|0,4920955
-0,09015869|-0,1359881|0,5017111
-0,127015|-0,1192575|0,5051653
-0,1521895|-0,105729|0,509433
-0,1696623|-0,1001816|0,5071757
-0,08004722|-0,1327294|0,5037258
-0,1020928|-0,08421021|0,5272481
-0,1116773|-0,04370099|0,5365264
-0,1161461|-0,02169372|0,5385575
-0,1172833|-0,008437292|0,5390461
-0,07184801|-0,1326036|0,5048024
-0,08114027|-0,07976364|0,5304706
-0,08547053|-0,03453498|0,543166
-0,08554269|-0,01022369|0,5436428
-0,08501402|0,004566407|0,544515
-0,06120829|-0,1323134|0,5067546
-0,06221059|-0,08232798|0,5369346
-0,05948333|-0,04432363|0,5456378
-0,05691661|-0,02336433|0,5485834
-0,05417664|-0,007883735|0,5492517
-0,05348366|-0,1344138|0,5095868
-0,04484134|-0,09418997|0,5404439
-0,03317901|-0,07012128|0,5484571
-0,02457878|-0,05633175|0,5523487
-0,01949027|-0,04470153|0,5551319
#END#
#START#
-0,0702298|-0,1035426|0,5145221
-0,06253893|-0,1422705|0,4918388
-0,08390582|-0,135337|0,5010242
-0,114918|-0,1235418|0,5252904
-0,1225817|-0,1085517|0,5502543
-0,1274659|-0,1007056|0,5651003
-0,07499154|-0,1308653|0,5018278
-0,1040028|-0,08171886|0,5186628
-0,1190778|-0,04579202|0,5318158
-0,1269652|-0,0258826|0,5385087
-0,1302547|-0,01340972|0,5418052
-0,06790961|-0,1297603|0,5030342
-0,08362753|-0,07562408|0,5219052
-0,09251653|-0,03174786|0,5351082
-0,09575766|-0,008227678|0,5388916
-0,09710041|0,006297877|0,5415147
-0,05863735|-0,1281716|0,5051534
-0,06539518|-0,07757574|0,5302658
-0,0668537|-0,04419022|0,5500491
-0,06760286|-0,02715195|0,5625142
-0,06713499|-0,01367513|0,570622
-0,05087248|-0,1292287|0,5083817
-0,04915094|-0,08668123|0,5376048
-0,05097637|-0,07067482|0,5582595
-0,05114747|-0,06401275|0,5729766
-0,05357498|-0,05906683|0,5847192
#END#
#START#
-0,0694465|-0,1020469|0,512157
-0,06103421|-0,1404024|0,489776
-0,0822991|-0,1333472|0,4977799
-0,1131539|-0,1219886|0,5222162
-0,1183537|-0,106646|0,5485113
-0,1175766|-0,0987931|0,5635159
-0,07354227|-0,1289616|0,499012
-0,1029106|-0,07933638|0,5144823
-0,1172176|-0,04182086|0,5245579
-0,1246821|-0,02121578|0,5296344
-0,1277886|-0,008530373|0,5323234
-0,06663748|-0,1279537|0,5006253
-0,08238573|-0,07385643|0,51875
-0,08767157|-0,02959608|0,5312237
-0,08957542|-0,006237733|0,5362567
-0,09012827|0,008170203|0,5397056
-0,05760601|-0,1264895|0,5032766
-0,06570034|-0,07850461|0,5287013
-0,07168394|-0,05884473|0,5580196
-0,07896253|-0,06621053|0,576376
-0,08427969|-0,07501247|0,5889971
-0,05003896|-0,1276588|0,5069082
-0,05054188|-0,0877737|0,5372289
-0,05861918|-0,08314127|0,5612127
-0,06466725|-0,08885624|0,5752768
-0,07199679|-0,09501051|0,5841151
#END#
#START#
-0,06645802|-0,101927|0,5152927
-0,05894831|-0,1400571|0,4946159
-0,07963446|-0,1327687|0,5006956
-0,1106313|-0,1207071|0,5246925
-0,1172283|-0,1062516|0,5517991
-0,114962|-0,09900826|0,5666601
-0,0709324|-0,1287078|0,5023932
-0,09877872|-0,07778607|0,5154698
-0,1060204|-0,03635218|0,5238811
-0,1097489|-0,01435186|0,5266363
-0,1104387|-0,001089699|0,5275865
-0,06418774|-0,1280246|0,5044148
-0,07932713|-0,07645638|0,5216997
-0,09297214|-0,05886089|0,5539188
-0,09948159|-0,0800168|0,5673009
-0,09952489|-0,09492274|0,5626242
-0,0553766|-0,1269172|0,5076077
-0,06364226|-0,08072873|0,5314145
-0,07677046|-0,07065627|0,5614396
-0,08277216|-0,09079187|0,5639116
-0,08277673|-0,1053337|0,5546485
-0,0481002|-0,1283587|0,5116982
-0,04852059|-0,08688932|0,5413995
-0,05799063|-0,07987734|0,5613738
-0,06629506|-0,09366284|0,5673714
-0,07268091|-0,1044466|0,5619587
#END#
#START#
-0,2411475|-0,1068282|0,4596794
-0,2233133|-0,1444661|0,4430839
-0,246543|-0,1392952|0,4404792
-0,2862363|-0,1315695|0,4404333
-0,3102407|-0,1210799|0,4529788
-0,3256817|-0,1158378|0,459819
-0,2393789|-0,1344206|0,4459398
-0,2744921|-0,08651673|0,4484943
-0,2966538|-0,05564043|0,4548357
-0,3121721|-0,04277689|0,4650413
-0,3214176|-0,03679296|0,4730176
-0,2334685|-0,133031|0,4504468
-0,2582806|-0,07957337|0,4604341
-0,276379|-0,03778205|0,4672574
-0,2855045|-0,01599814|0,4713617
-0,2911239|-0,002695652|0,4747904
-0,2260208|-0,1310719|0,4567641
-0,2453509|-0,07910714|0,4751148
-0,2552275|-0,04179106|0,4805084
-0,2622967|-0,02279788|0,4867328
-0,2668998|-0,008419075|0,4915731
-0,2205454|-0,1319391|0,4631639
-0,2308457|-0,08783172|0,4885813
-0,2295236|-0,06273095|0,4988202
-0,2278176|-0,0486669|0,506881
-0,2279108|-0,03687169|0,5123149
#END#
#START#
-0,2674104|-0,09319219|0,4539081
-0,24473|-0,1274528|0,4348684
-0,2688904|-0,1249872|0,4329654
-0,3094199|-0,1221019|0,4357189
-0,3342121|-0,1154536|0,4500556
-0,3496197|-0,1126272|0,4581158
-0,2622566|-0,11956|0,4384899
-0,3032324|-0,07671752|0,4441853
-0,325574|-0,04129474|0,4469898
-0,3364598|-0,0216086|0,4472055
-0,3413837|-0,009239945|0,4473883
-0,2565576|-0,1176953|0,4429457
-0,2875991|-0,06826884|0,4564563
-0,30711|-0,02617618|0,4636525
-0,313469|-0,00284311|0,4638822
-0,3169944|0,01153192|0,4646634
-0,2493666|-0,1151829|0,4492535
-0,2740409|-0,06687881|0,4710382
-0,2841056|-0,02959893|0,4770455
-0,2885993|-0,009016447|0,480384
-0,2908844|0,006469534|0,4825164
-0,2436891|-0,1157145|0,4555291
-0,2581794|-0,07421502|0,4827611
-0,2557347|-0,04606615|0,4898005
-0,2522809|-0,02993694|0,4945236
-0,2514971|-0,01737841|0,4977102
#END#
#START#
-0,2561592|-0,08782573|0,4503952
-0,2338767|-0,1251568|0,4366732
-0,2574424|-0,1216612|0,4353159
-0,2970033|-0,1149643|0,445134
-0,3171355|-0,1020764|0,463928
-0,3294682|-0,09561399|0,4745841
-0,2506435|-0,1157614|0,4393712
-0,2910293|-0,07186132|0,4376875
-0,3155553|-0,03903089|0,4406355
-0,3283948|-0,02065808|0,4417484
-0,334579|-0,008882694|0,4423455
-0,2451678|-0,1134922|0,4434002
-0,2751142|-0,06219237|0,4486918
-0,2928967|-0,01906432|0,4507416
-0,2994336|0,004057215|0,4492632
-0,3030171|0,01843459|0,4489071
-0,2382421|-0,1103759|0,4491493
-0,2625438|-0,06084011|0,4641778
-0,2770588|-0,02670575|0,4762437
-0,2850115|-0,008638068|0,483878
-0,2895627|0,005591063|0,4888176
-0,2326309|-0,110082|0,4554915
-0,2501445|-0,06709073|0,4786876
-0,2634343|-0,05046478|0,4942463
-0,2712699|-0,04350362|0,506594
-0,2795258|-0,03888001|0,5154666
#END#
#START#
-0,2487572|-0,08831478|0,4559871
-0,2272714|-0,1239713|0,439688
-0,2498958|-0,1193499|0,4369244
-0,2892399|-0,1121448|0,4464615
-0,3068007|-0,0990404|0,4689425
-0,3121952|-0,09206977|0,4832727
-0,2433126|-0,1143839|0,4420917
-0,2814549|-0,06825274|0,4426128
-0,29983|-0,03056985|0,4436229
-0,3088999|-0,01001116|0,443415
-0,3127128|0,002745957|0,4434329
-0,2382258|-0,1129844|0,4467773
-0,2658953|-0,06145461|0,4562471
-0,2785653|-0,01797177|0,4646564
-0,2844683|0,004955199|0,4688677
-0,2881274|0,01889299|0,4724251
-0,2318348|-0,1110208|0,453395
-0,2555755|-0,06604513|0,4729296
-0,2760112|-0,05118512|0,4973609
-0,2892732|-0,06335713|0,5083509
-0,2977431|-0,07580101|0,51474
-0,2268114|-0,1118212|0,46017
-0,245609|-0,07501502|0,4873066
-0,2648922|-0,07576069|0,5046386
-0,2758492|-0,0848658|0,5127281
-0,2852053|-0,09351964|0,5154877
#END#
#START#
-0,2429252|-0,09062196|0,4529129
-0,2228524|-0,1275575|0,4385923
-0,2452926|-0,121505|0,4336906
-0,2848391|-0,1113865|0,4364288
-0,3045976|-0,0969062|0,45571
-0,3086343|-0,08985215|0,4700642
-0,2386706|-0,1169368|0,439537
-0,2728512|-0,06861662|0,4372476
-0,2826425|-0,02641209|0,4413972
-0,2871408|-0,004345804|0,4419992
-0,2883644|0,008915647|0,4425931
-0,2336674|-0,115811|0,4446165
-0,2588787|-0,06671658|0,4520729
-0,2868978|-0,05446523|0,4759477
-0,2949701|-0,0784091|0,4819035
-0,2900667|-0,09174095|0,4752879
-0,2274271|-0,1141757|0,451721
-0,2494348|-0,07113072|0,4678208
-0,2767229|-0,06919102|0,4889271
-0,2783921|-0,08988304|0,4848079
-0,2707807|-0,1014768|0,4745539
-0,2229391|-0,1152293|0,4588327
-0,2415056|-0,07719935|0,4840888
-0,2617672|-0,07913064|0,4963256
-0,2655356|-0,09548602|0,49208
-0,2629618|-0,1033977|0,4811459
#END#
#START#
-0,2263139|-0,1170975|0,4550012
-0,2064797|-0,1530862|0,4415919
-0,2286584|-0,1483056|0,436198
-0,2681589|-0,1399849|0,4347055
-0,2884557|-0,1259184|0,4529985
-0,2878063|-0,1197014|0,4678211
-0,2221716|-0,1434213|0,4422234
-0,2574697|-0,09694699|0,4396525
-0,2843609|-0,08699541|0,4564254
-0,2898083|-0,1043666|0,4690892
-0,2843091|-0,118293|0,469723
-0,2170035|-0,1420683|0,4473544
-0,2427742|-0,0945213|0,4536833
-0,2730453|-0,09237918|0,4776143
-0,2716061|-0,1186696|0,4773364
-0,2621999|-0,1272072|0,4681344
-0,2105884|-0,1401037|0,4544689
-0,2328259|-0,0984486|0,4692954
-0,2594748|-0,1021757|0,4906364
-0,2562597|-0,1215405|0,4825785
-0,2463562|-0,1290832|0,4706712
-0,206047|-0,1408911|0,4615672
-0,2247708|-0,1038168|0,4860465
-0,24277|-0,1088948|0,4982107
-0,2435934|-0,1250148|0,4908288
-0,2401153|-0,1312579|0,4792116
#END#
#START#
0,125935|-0,1051968|0,490966
0,1138775|-0,1408872|0,4666365
0,09982835|-0,129631|0,4803436
0,08238499|-0,1173181|0,5146055
0,08888933|-0,1087124|0,5437675
0,09781957|-0,1055961|0,5575109
0,1093274|-0,1279836|0,4791572
0,1040887|-0,07390263|0,5050364
0,1035848|-0,03348474|0,5154647
0,1036913|-0,01135802|0,5203143
0,1048496|0,001641897|0,5233079
0,1162598|-0,1291916|0,478553
0,1257665|-0,07526617|0,5020998
0,1396252|-0,0328918|0,5137569
0,1473404|-0,01056181|0,5191732
0,152554|0,002455293|0,5241318
0,12557|-0,1307131|0,4782476
0,1428145|-0,08573422|0,5055881
0,1558346|-0,06760683|0,5330144
0,1547651|-0,07296231|0,5533995
0,1522918|-0,08033413|0,5677484
0,1330876|-0,1345476|0,4790483
0,1561793|-0,1006815|0,5075735
0,1634305|-0,09604853|0,5312236
0,165828|-0,09789989|0,5474373
0,1640983|-0,09979179|0,5601869
#END#
#START#
-0,03311371|-0,02097313|0,4953447
-0,02278879|-0,06272022|0,4807895
-0,04436977|-0,05584709|0,4891833
-0,07501298|-0,04168973|0,512582
-0,08086193|-0,02148612|0,53523
-0,07978851|-0,01061634|0,5481073
-0,03591518|-0,05063238|0,488695
-0,06874334|-0,001584199|0,4964803
-0,0855684|0,03599221|0,501292
-0,09444504|0,0565295|0,5031214
-0,09837145|0,06924933|0,5033451
-0,02898848|-0,04876081|0,4894071
-0,04872624|0,006219764|0,498021
-0,05913427|0,05055939|0,5068542
-0,06360855|0,07404094|0,5089069
-0,06569663|0,08864094|0,5103744
-0,01990648|-0,04605238|0,4908455
-0,03032104|0,006810298|0,5061535
-0,03467671|0,03644081|0,5265087
-0,03887043|0,04102727|0,5465444
-0,04158326|0,04341888|0,5621544
-0,01201657|-0,04581371|0,4939377
-0,01115766|0,002310882|0,5113332
-0,003956586|0,0273807|0,5170141
0,002245592|0,04258296|0,5191563
0,005453968|0,05513533|0,5202108
#END#
#START#
-0,0551055|0,01756991|0,4949277
-0,05302706|-0,02531639|0,487653
-0,07636349|-0,01311189|0,4903837
-0,1110449|0,007880567|0,4838152
-0,1332697|0,02603018|0,4804764
-0,1497005|0,03271273|0,4755003
-0,06598299|-0,01007615|0,4914813
-0,08558337|0,04275226|0,4890495
-0,09900425|0,05622481|0,514918
-0,09593963|0,03753462|0,526206
-0,09101873|0,02422363|0,5208207
-0,05789597|-0,01005402|0,4931518
-0,06559548|0,0428961|0,4935884
-0,07927534|0,0558389|0,5267546
-0,08077573|0,02942296|0,5290069
-0,0777563|0,01986942|0,5168487
-0,0474659|-0,009566132|0,4957261
-0,04919202|0,04140568|0,5038188
-0,05732019|0,05865904|0,5332726
-0,0671898|0,04296063|0,5435582
-0,07295246|0,02710996|0,5438895
-0,04019611|-0,01044643|0,4999802
-0,03087916|0,03810464|0,5119352
-0,0216743|0,05752281|0,5195623
-0,0184013|0,06775828|0,5321818
-0,01942762|0,07498293|0,5429503
#END#
#START#
-0,069091|0,007241633|0,4882864
-0,06549365|-0,03470873|0,4761877
-0,0847448|-0,02370701|0,4770283
-0,1153706|-0,00317582|0,4946643
-0,1190487|0,01731615|0,5187223
-0,1136688|0,02600201|0,5316621
-0,07598809|-0,02067715|0,4794979
-0,09632709|0,03532226|0,478484
-0,0962033|0,07781049|0,4819281
-0,09637345|0,1001866|0,4833741
-0,09486307|0,1134091|0,4837593
-0,06976698|-0,0205908|0,4826178
-0,07818099|0,03465724|0,4879418
-0,09268425|0,05746383|0,5150297
-0,1035232|0,03673285|0,5268678
-0,1045928|0,02176393|0,522703
-0,06167359|-0,02015083|0,4871949
-0,06511723|0,03045639|0,500994
-0,08041966|0,04779366|0,5269201
-0,0916371|0,03102983|0,5334854
-0,09602866|0,01485692|0,5311266
-0,05552028|-0,02179714|0,4927754
-0,05221364|0,02500007|0,5141035
-0,05955831|0,0415416|0,5305928
-0,06972994|0,04107239|0,5441951
-0,08058397|0,03658651|0,5502779
#END#
#START#
-0,05661039|0,006326055|0,4843018
-0,03478975|-0,02535789|0,4590131
-0,03265569|-0,003396039|0,4584441
-0,04917367|0,03282566|0,449663
-0,07937483|0,04297078|0,4577812
-0,09269211|0,03751571|0,4651458
-0,03845959|-0,007676655|0,463907
-0,04453224|0,04320985|0,4953978
-0,04592617|0,07596762|0,5211633
-0,04566665|0,09194922|0,5370468
-0,0460586|0,1002021|0,547487
-0,0435421|-0,01162155|0,4655272
-0,06023009|0,03132076|0,5025377
-0,07665912|0,06768103|0,5258119
-0,08612826|0,0865861|0,5366166
-0,09254293|0,09794433|0,5436535
-0,05070097|-0,0165822|0,4675812
-0,07654518|0,02033914|0,5006437
-0,0984638|0,0493087|0,5107819
-0,1105324|0,06468327|0,5034891
-0,1203371|0,0761123|0,4985577
-0,05751236|-0,02157449|0,4668791
-0,08979515|0,005723058|0,4982169
-0,1037483|0,01648606|0,52083
-0,112565|0,02016225|0,5338061
-0,1178879|0,02391977|0,5450758
#END#
#START#
-0,06640805|-0,04803643|0,4335773
-0,0462366|-0,08815178|0,4209572
-0,03764905|-0,06604553|0,4199986
-0,0331581|-0,02846634|0,4059883
-0,05682885|-0,008286451|0,3999529
-0,07294469|-0,00861314|0,3999687
-0,04646282|-0,06821595|0,4230447
-0,05056038|-0,01335557|0,4463301
-0,05239129|0,02486985|0,4602899
-0,05400922|0,04577795|0,468929
-0,05604127|0,05815801|0,4736775
-0,05286976|-0,07089958|0,4231491
-0,06995915|-0,02120405|0,4473749
-0,0873147|0,02207183|0,4534262
-0,09663782|0,04382732|0,4574378
-0,1029241|0,05715262|0,4592051
-0,06158717|-0,07413109|0,4229549
-0,08422419|-0,03060325|0,4378791
-0,09184206|-0,002820411|0,4178842
-0,08076973|-0,01104041|0,4017564
-0,07112207|-0,02253499|0,3943687
-0,06875882|-0,07769257|0,4201428
-0,09705462|-0,03928936|0,4266368
-0,09410482|-0,02376319|0,4080623
-0,08267488|-0,03494215|0,4003152
-0,07315761|-0,04429747|0,401417
#END#
#START#
-0,05963617|-0,09445134|0,3803197
-0,04448714|-0,1343575|0,3650658
-0,03508545|-0,1130046|0,3616326
-0,03113599|-0,07478484|0,3480949
-0,05296862|-0,05165621|0,3459888
-0,06871967|-0,05128643|0,3490115
-0,04328675|-0,1149051|0,3663933
-0,04003327|-0,06048728|0,3889019
-0,04518764|-0,02069873|0,3918964
-0,04878553|0,001337383|0,3928767
-0,05189835|0,0141389|0,3947977
-0,04970877|-0,1173843|0,3677767
-0,05824045|-0,06954273|0,3916155
-0,06922406|-0,04000514|0,3675019
-0,06467761|-0,05297256|0,3453173
-0,05905189|-0,06604031|0,3395095
-0,05846728|-0,1202849|0,3693647
-0,0745507|-0,07795721|0,3869047
-0,08325242|-0,05608825|0,3597788
-0,07290829|-0,06851795|0,3460326
-0,06341481|-0,08197984|0,3425789
-0,06622184|-0,1234431|0,3680578
-0,09139048|-0,08441345|0,3798427
-0,0951351|-0,07016738|0,361472
-0,08545141|-0,0769786|0,348623
-0,07447538|-0,0839997|0,3453836
#END#
#START#
-0,04830619|-0,02472319|0,3888774
-0,03432803|-0,06703333|0,37162
-0,02895262|-0,04555765|0,3628988
-0,03304907|-0,008291906|0,3438658
-0,05913552|0,01100929|0,3509308
-0,07188381|0,007060074|0,3612412
-0,03505659|-0,04719591|0,3706604
-0,03041037|0,01311455|0,3861657
-0,03325091|0,05396229|0,3944507
-0,03654705|0,07648804|0,3981858
-0,03895831|0,09032737|0,4022055
-0,0404645|-0,04996114|0,3747829
-0,04600996|0,005294469|0,3995331
-0,06142026|0,04911873|0,4106978
-0,07155011|0,0713522|0,414173
-0,0787963|0,08555009|0,4161847
-0,04803643|-0,053296|0,3801088
-0,06326786|-0,006163809|0,4005037
-0,08570933|0,01681822|0,3841938
-0,08296639|0,006172941|0,3652278
-0,07796614|-0,004980544|0,3526293
-0,05568549|-0,057361|0,3822151
-0,08019494|-0,01618209|0,4008971
-0,09602435|0,001732477|0,3864826
-0,1034884|0,006309687|0,3717561
-0,1060449|0,009478753|0,3586032
#END#
#START#
-0,2495283|-0,06228172|0,3633136
-0,2243277|-0,101731|0,3588554
-0,2151789|-0,08092477|0,3662926
-0,1974444|-0,04381737|0,3691266
-0,2043424|-0,01620761|0,3541833
-0,2178748|-0,01689574|0,3442335
-0,2248076|-0,08235003|0,3629634
-0,243266|-0,02829842|0,3865612
-0,2497902|0,01195127|0,386315
-0,2518963|0,03424009|0,3813692
-0,2550943|0,04824075|0,3787291
-0,2307915|-0,08489724|0,3590477
-0,2582034|-0,03835471|0,3749459
-0,2485839|-0,007641867|0,3503563
-0,2313565|-0,02788631|0,342277
-0,2265169|-0,04332792|0,3461698
-0,2388065|-0,08787446|0,3535335
-0,2663274|-0,04688189|0,3591839
-0,2524827|-0,02391442|0,3346629
-0,2391695|-0,04126221|0,3376437
-0,2343745|-0,05655481|0,3456351
-0,2435744|-0,09097632|0,3466506
-0,2733581|-0,05190261|0,3413347
-0,2624175|-0,03638582|0,3263614
-0,2467515|-0,04638869|0,3263125
-0,2380699|-0,05536709|0,3329613
#END#
#START#
-0,3873627|-0,238579|0,2363843
-0,3505957|-0,2668111|0,2458686
-0,3554097|-0,2465881|0,2575492
-0,3566652|-0,2073444|0,2698567
-0,3653361|-0,1819079|0,2522233
-0,3703854|-0,1858189|0,2366737
-0,360597|-0,2499579|0,2494017
-0,4071061|-0,2107056|0,2600161
-0,4226451|-0,1740272|0,254596
-0,4259263|-0,1524003|0,2478713
-0,4297043|-0,1392018|0,2428908
-0,3622458|-0,2531151|0,2427564
-0,4089704|-0,2217717|0,2417887
-0,4002604|-0,1848854|0,2276596
-0,3755007|-0,197221|0,2305641
-0,3691825|-0,2114639|0,2365737
-0,3644607|-0,2568883|0,2336401
-0,4039204|-0,2283752|0,2239663
-0,3892194|-0,1973439|0,2122764
-0,3743262|-0,2105465|0,2218284
-0,3695855|-0,225391|0,2306964
-0,3634238|-0,25956|0,2251834
-0,3981464|-0,2309481|0,2051627
-0,3873225|-0,2099642|0,1995497
-0,3716749|-0,2150016|0,208254
-0,365317|-0,2225012|0,2184278
#END#
#START#
-0,4489666|-0,06129728|0,2294202
-0,4264926|-0,1018666|0,2401028
-0,4260637|-0,08166658|0,253793
-0,4175798|-0,04554878|0,2718825
-0,4151514|-0,01744157|0,2569198
-0,4182681|-0,01894971|0,2404689
-0,4305606|-0,08246347|0,2445361
-0,461695|-0,03013377|0,2536763
-0,4623828|0,01046827|0,2526345
-0,4585257|0,03290039|0,2497574
-0,4576207|0,04720445|0,2469373
-0,4320042|-0,08439045|0,2373124
-0,4640175|-0,03818306|0,2339794
-0,4412459|-0,00543468|0,2268455
-0,4227298|-0,0257347|0,2308969
-0,4229963|-0,04181628|0,2355046
-0,4337347|-0,08651523|0,2274957
-0,4584619|-0,04469832|0,2162479
-0,4326747|-0,01975249|0,2110205
-0,4246707|-0,03799872|0,2205066
-0,4270797|-0,05426728|0,2277731
-0,4321769|-0,08873165|0,2189859
-0,4507766|-0,047841|0,1982289
-0,4333273|-0,03159527|0,1967076
-0,4220934|-0,04251867|0,2068158
-0,4208882|-0,05259963|0,2167163
#END#
#START#
-0,62025|-0,07908068|0,133654
-0,5861272|-0,1048508|0,1507525
-0,593411|-0,08471267|0,1610623
-0,6007749|-0,04570996|0,1725146
-0,6085274|-0,02259563|0,1519332
-0,6094407|-0,02889816|0,1363708
-0,596574|-0,08861986|0,1520547
-0,6457799|-0,05161171|0,1520684
-0,662448|-0,01682507|0,1443001
-0,6626359|0,004906685|0,1364899
-0,6621338|0,01836436|0,1305193
-0,5965734|-0,09204607|0,1452666
-0,6432137|-0,06291771|0,134027
-0,6325815|-0,02611299|0,1215171
-0,6094047|-0,03891163|0,1303324
-0,6058785|-0,05344888|0,1378838
-0,5966274|-0,09614354|0,1359525
-0,6342896|-0,06945928|0,1177582
-0,6184086|-0,03845185|0,1085817
-0,606366|-0,05138315|0,1218309
-0,6047187|-0,06623624|0,1318668
-0,5937569|-0,09881206|0,1279373
-0,6246106|-0,07211013|0,1004631
-0,6138326|-0,05151581|0,09599838
-0,6003847|-0,05503494|0,1083909
-0,5964077|-0,06170933|0,120246
#END#
#START#
-0,5335366|0,07201889|0,02906624
-0,5218747|0,03337242|0,0509011
-0,520786|0,05494906|0,06131136
-0,5122413|0,09364887|0,07419599
-0,5026618|0,1196814|0,05760521
-0,4997022|0,1201504|0,0410073
-0,5230326|0,05269975|0,05144407
-0,5464563|0,1090706|0,04357974
-0,5439046|0,1470719|0,03223376
-0,5328813|0,166154|0,02532964
-0,5252877|0,1776385|0,0201031
-0,5229322|0,04945357|0,04452839
-0,5450835|0,09782071|0,02546211
-0,5178421|0,1258667|0,01764618
-0,5055956|0,1044901|0,03087373
-0,511526|0,09045666|0,0379596
-0,5225554|0,04558101|0,03508963
-0,5364659|0,08748022|0,01106209
-0,5073896|0,1077862|0,007595755
-0,5058619|0,09132782|0,0222478
-0,5138166|0,07778817|0,031131
-0,5193585|0,0416515|0,0277473
-0,5253237|0,07955948|-0,003494702
-0,5056583|0,09254946|-0,003805143
-0,4989798|0,08351734|0,01100333
-0,5029888|0,07610935|0,02256259
#END#
#START#
-0,478508|-0,1408651|0,1570321
-0,4515667|-0,1726913|0,1785799
-0,4556591|-0,1505594|0,1870434
-0,455135|-0,1102814|0,1961419
-0,4556485|-0,08679265|0,1745064
-0,4568048|-0,09357281|0,1591593
-0,4588681|-0,1542168|0,177961
-0,4989048|-0,1078271|0,1719726
-0,5049835|-0,0697066|0,1604931
-0,5026338|-0,0485696|0,1520997
-0,5028648|-0,0354949|0,1456205
-0,4591009|-0,1579345|0,1713358
-0,4975271|-0,1204432|0,1547197
-0,4789772|-0,08709328|0,1414897
-0,4586346|-0,1027286|0,1523223
-0,4561788|-0,116901|0,1607191
-0,4593011|-0,1624605|0,162232
-0,4889264|-0,1296667|0,1396224
-0,4662647|-0,1027244|0,1307161
-0,4568186|-0,1165022|0,1451431
-0,4561762|-0,1304757|0,156219
-0,4564337|-0,1661681|0,1546372
-0,4786102|-0,1352059|0,1235791
-0,4631919|-0,1172476|0,1201202
-0,4523874|-0,1242222|0,1336922
-0,45116|-0,1316575|0,1456672
#END#
#START#
-0,2221897|-0,1334894|0,5148986
-0,1930706|-0,1643836|0,4961604
-0,1857401|-0,1446772|0,5073736
-0,1746616|-0,1064321|0,5183042
-0,1926377|-0,08063306|0,5127445
-0,207012|-0,08523057|0,5053287
-0,1954774|-0,1472909|0,505267
-0,2165911|-0,1056704|0,5453986
-0,2261813|-0,06765102|0,5506632
-0,2294348|-0,04556519|0,5451116
-0,2325748|-0,03175935|0,5412673
-0,2016182|-0,149972|0,5016977
-0,2319714|-0,1151875|0,5339584
-0,2322556|-0,07799944|0,5179099
-0,2139545|-0,09142983|0,5019488
-0,2063107|-0,1062415|0,5011235
-0,2099784|-0,1530588|0,4968145
-0,2417594|-0,1207911|0,5178229
-0,2374039|-0,09006477|0,4993386
-0,2211214|-0,1044544|0,4954484
-0,2126865|-0,1200173|0,4984001
-0,2154933|-0,1551857|0,4901299
-0,251267|-0,1227904|0,5004215
-0,2464868|-0,1026934|0,4886518
-0,2295222|-0,1085422|0,4837788
-0,2182715|-0,1166546|0,486642
#END#
#START#
0,08216597|-0,124306|0,4918177
0,09392043|-0,1558714|0,4597195
0,1054431|-0,135172|0,4627241
0,1180248|-0,09573065|0,4624879
0,09914807|-0,07069827|0,4692571
0,08373425|-0,07603128|0,4733436
0,09690624|-0,1381892|0,4676054
0,1045986|-0,09438723|0,510158
0,09880699|-0,05629111|0,5205654
0,09190115|-0,03439436|0,5196047
0,08655464|-0,02075843|0,5198338
0,09011945|-0,141244|0,4690228
0,08612195|-0,1050839|0,511815
0,07330708|-0,06947249|0,4977329
0,07816137|-0,08527879|0,4753182
0,08463646|-0,1004354|0,4723629
0,08082782|-0,1448428|0,4709087
0,06858453|-0,1120335|0,5062507
0,05816576|-0,08288374|0,4876223
0,06896788|-0,09770834|0,4753464
0,07820825|-0,1131402|0,4742181
0,07243387|-0,1475441|0,4695448
0,05003835|-0,1151362|0,4996902
0,04462067|-0,09521501|0,4873956
0,05407303|-0,1001125|0,4722524
0,06487905|-0,1074856|0,4667816
#END#
#START#
0,2198895|-0,09768417|0,3447245
0,207308|-0,1376393|0,322497
0,1970483|-0,1283644|0,3423976
0,1951608|-0,1125721|0,3825319
0,2144474|-0,09595912|0,40407
0,2270549|-0,08767685|0,4136579
0,2049484|-0,1249631|0,3374065
0,1977505|-0,07105497|0,3682129
0,197005|-0,03272463|0,3867313
0,1974536|-0,01201406|0,3974009
0,198872|0,001027955|0,4040207
0,2114164|-0,1247636|0,3341857
0,2174064|-0,06757358|0,3573454
0,2267965|-0,02110417|0,368336
0,2305958|0,003699837|0,3695016
0,2339125|0,01935893|0,3708413
0,2203933|-0,1243335|0,3303629
0,2363887|-0,07395629|0,354412
0,2496757|-0,05262768|0,3791678
0,2518924|-0,067143|0,3954482
0,2498446|-0,08345538|0,4025566
0,2287607|-0,1265895|0,3282054
0,2526146|-0,08465878|0,3519474
0,2585229|-0,07622995|0,3751901
0,2564853|-0,08999325|0,3866103
0,2488534|-0,1017303|0,3890502
#END#
#START#
0,2510521|-0,04029134|0,2902348
0,2407698|-0,08256081|0,2779455
0,2322745|-0,0728277|0,2973039
0,230688|-0,05444717|0,3355401
0,2484266|-0,0352358|0,3558445
0,2625971|-0,02621107|0,3602742
0,2389922|-0,06915189|0,2906702
0,2305094|-0,012246|0,3138579
0,2359177|0,02969805|0,325079
0,2387425|0,05183665|0,3309148
0,2406494|0,06620774|0,3325897
0,2447819|-0,06873631|0,2860879
0,247107|-0,01315025|0,3005898
0,2682598|-0,0001573268|0,3336172
0,2722909|-0,02479132|0,3438996
0,2675583|-0,04051213|0,3408469
0,2528709|-0,06784562|0,280347
0,2643701|-0,01953151|0,2934539
0,2827785|-0,01733345|0,3252939
0,2763425|-0,0382703|0,3269474
0,2667355|-0,05193323|0,3201038
0,2609151|-0,06945483|0,2768356
0,2825639|-0,02596999|0,2891043
0,2930574|-0,02662961|0,3114964
0,28716|-0,04307431|0,3170251
0,2766502|-0,05258483|0,3155054
#END#
#START#
0,06900513|-0,004665161|0,4536606
0,06736619|-0,04649349|0,434697
0,04956815|-0,03721845|0,4471036
0,02706278|-0,02158696|0,4795214
0,02846947|-0,005272712|0,5080597
0,03510841|0,003160909|0,5219726
0,05877949|-0,03332063|0,4454815
0,03879832|0,02250831|0,4639832
0,03729863|0,06349767|0,478014
0,03691752|0,08461377|0,4873207
0,03782727|0,09840346|0,4920796
0,06612329|-0,03275969|0,4448131
0,05996928|0,02196457|0,4617754
0,06037485|0,03343276|0,5012993
0,05823924|0,008318478|0,5110118
0,05579359|-0,007089122|0,5050241
0,07603294|-0,03175132|0,4444421
0,07841872|0,01565197|0,4647852
0,07695123|0,01672092|0,5015426
0,07072608|-0,004217792|0,4992638
0,06627474|-0,01780465|0,4882589
0,08471437|-0,0334078|0,445715
0,09624957|0,009021126|0,4703423
0,09369962|0,008036835|0,4946882
0,08579642|-0,008292024|0,4968095
0,07744608|-0,0178789|0,4903692
#END#
#START#
-0,04466339|-0,1620791|0,4925958
-0,03930094|-0,19684|0,463302
-0,06028967|-0,1904837|0,4720937
-0,09126329|-0,1823462|0,5000184
-0,09570944|-0,1728823|0,5313925
-0,09069216|-0,1684327|0,5474807
-0,05109988|-0,1868143|0,4742388
-0,07742764|-0,137134|0,5006896
-0,08270373|-0,09831771|0,5210124
-0,08555552|-0,07824478|0,5319998
-0,08576322|-0,06487485|0,5378456
-0,04391536|-0,186516|0,4758888
-0,05655459|-0,1378669|0,5050289
-0,06726786|-0,1337906|0,5443676
-0,07215922|-0,1599695|0,54848
-0,07276543|-0,1735658|0,5386987
-0,03438344|-0,1859964|0,4786928
-0,03966508|-0,1456758|0,5116557
-0,05149239|-0,151952|0,5456281
-0,05655558|-0,1716653|0,5374094
-0,05737863|-0,1821153|0,5226614
-0,02642368|-0,188392|0,4819536
-0,02405692|-0,1546685|0,5198101
-0,03359153|-0,1609911|0,54132
-0,0412274|-0,1769538|0,5368656
-0,04686777|-0,183939|0,5257366
#END#
#START#
-0,1162514|-0,1945703|0,510105
-0,1054788|-0,2263139|0,4796019
-0,127397|-0,2215195|0,4853692
-0,162151|-0,2171895|0,5094084
-0,1712086|-0,2109794|0,54072
-0,1685118|-0,2078383|0,5576406
-0,1188526|-0,2177819|0,4891741
-0,1509095|-0,1713136|0,5151955
-0,1623326|-0,1358942|0,5384977
-0,1683637|-0,1174336|0,5509387
-0,1704663|-0,1048838|0,5580838
-0,1120508|-0,2174489|0,4919274
-0,1308586|-0,1719844|0,5224859
-0,1477632|-0,1733377|0,5598613
-0,1517752|-0,2000182|0,560005
-0,150315|-0,2127785|0,5493128
-0,1031276|-0,2169181|0,4961967
-0,1148219|-0,179914|0,5308643
-0,1313156|-0,1907198|0,5618011
-0,1343332|-0,2095985|0,5509915
-0,1328429|-0,2190706|0,5357316
-0,09566775|-0,219364|0,5004407
-0,100316|-0,1891|0,5406979
-0,1127064|-0,198094|0,5598277
-0,1191216|-0,2138317|0,5532106
-0,1231003|-0,220431|0,5412277
#END#
#START#
-0,06804188|-0,195039|0,5284517
-0,06283457|-0,2289593|0,4991618
-0,08376173|-0,2218322|0,5067093
-0,1150339|-0,2109533|0,5340797
-0,1214102|-0,2007322|0,5647194
-0,1216691|-0,1958569|0,5818965
-0,07449228|-0,2188206|0,5093538
-0,100046|-0,1684651|0,5348581
-0,1083256|-0,1296055|0,554266
-0,1122212|-0,1086631|0,5632538
-0,1129137|-0,09489743|0,5680494
-0,06744221|-0,2190521|0,5114604
-0,07968576|-0,17052|0,5408066
-0,0954942|-0,1676202|0,5791383
-0,1019362|-0,1933512|0,5832161
-0,1023186|-0,207652|0,5746124
-0,05814869|-0,2192088|0,514886
-0,06371112|-0,1793079|0,5485827
-0,07875413|-0,1852831|0,5814667
-0,08440872|-0,2047726|0,5730806
-0,08500361|-0,2158081|0,5588296
-0,05062522|-0,2221316|0,5186834
-0,04917193|-0,1891721|0,5576838
-0,06022612|-0,1943223|0,5784057
-0,06874378|-0,2099007|0,5741867
-0,07455676|-0,2173868|0,5635781
#END#
#START#
-0,183729|-0,07427948|0,5051525
-0,1710961|-0,1130581|0,4851114
-0,193918|-0,1059256|0,4860547
-0,2320542|-0,09289441|0,4993937
-0,2456822|-0,077259|0,5247329
-0,2457327|-0,06984536|0,5404965
-0,1854943|-0,1017835|0,4902372
-0,2168121|-0,04906639|0,4990795
-0,2254821|-0,007315102|0,5102848
-0,2305513|0,01405186|0,5172358
-0,2319053|0,02810796|0,5209189
-0,1789496|-0,1010653|0,4938411
-0,1981496|-0,04853701|0,509425
-0,2191484|-0,03780859|0,5428562
-0,2261428|-0,06281157|0,5500569
-0,2247927|-0,07811789|0,5434244
-0,1704772|-0,09986774|0,4991725
-0,1841422|-0,05484398|0,5218713
-0,2051603|-0,05611982|0,5515983
-0,2082119|-0,07694633|0,5453161
-0,2053976|-0,08991106|0,5330994
-0,1638966|-0,1014756|0,504984
-0,1718759|-0,06215435|0,5355894
-0,1874148|-0,06599175|0,5540934
-0,1938293|-0,08260039|0,550073
-0,196361|-0,09150305|0,5392234
#END#
#START#
-0,01442613|-0,0548648|0,5654453
-0,01083228|-0,09299184|0,5403414
-0,03192449|-0,08464377|0,5485831
-0,06369371|-0,07095955|0,5730343
-0,06805047|-0,0565767|0,602092
-0,06222046|-0,05049898|0,6172675
-0,0223785|-0,0811953|0,5502833
-0,04610876|-0,02782791|0,5708233
-0,0511352|0,01292688|0,5866625
-0,0537638|0,03422484|0,5951269
-0,05380058|0,0481993|0,5993323
-0,01501385|-0,0810176|0,5517894
-0,02517252|-0,02905325|0,575008
-0,03525939|-0,02163783|0,6143907
-0,04143035|-0,04658528|0,6221552
-0,04323097|-0,06174969|0,615426
-0,005261695|-0,08058707|0,5543792
-0,008505816|-0,03681372|0,5822554
-0,01982095|-0,04001086|0,6168268
-0,02593348|-0,06006455|0,6102544
-0,0277862|-0,07215965|0,5970387
0,00263572|-0,08291045|0,5578347
0,00677646|-0,04538724|0,5913965
-0,002807602|-0,04955728|0,6135114
-0,01123425|-0,06557788|0,6111875
-0,01765127|-0,0740829|0,6017816
#END#
#START#
0,08994221|-0,1779254|0,5568165
0,08832677|-0,2093503|0,5235859
0,07006187|-0,2041702|0,5371346
0,04644609|-0,2006603|0,5722606
0,04754781|-0,1963575|0,6050361
0,05400979|-0,1941047|0,6212175
0,07944526|-0,2006162|0,5377163
0,06004205|-0,1543591|0,5744896
0,05819134|-0,121375|0,6026525
0,05741559|-0,104744|0,6185622
0,05826971|-0,09320113|0,6274505
0,08676609|-0,2004081|0,5378516
0,08135813|-0,1555829|0,5737662
0,07932541|-0,1594021|0,6147594
0,07493506|-0,1859723|0,6155474
0,07198822|-0,1988537|0,6054063
0,09662519|-0,2000821|0,5386263
0,09914962|-0,1639808|0,575422
0,09489529|-0,1767649|0,6096374
0,08757511|-0,194904|0,5996303
0,08301352|-0,203836|0,5847191
0,1050724|-0,2027309|0,5397962
0,1160259|-0,1735941|0,5792742
0,1111511|-0,1836914|0,6009918
0,1023561|-0,1989159|0,5959691
0,09423634|-0,2048267|0,5858972
#END#
#START#
0,1991368|-0,1855217|0,5330728
0,1891933|-0,2162479|0,5020585
0,1748297|-0,2111835|0,5184444
0,1603682|-0,208354|0,5582259
0,1690082|-0,2054665|0,590255
0,1795439|-0,2038067|0,604122
0,184126|-0,2078506|0,5170085
0,1746444|-0,1613028|0,5573124
0,1799831|-0,1312975|0,5863936
0,1842342|-0,119498|0,6059757
0,1879855|-0,1130921|0,6187333
0,1912643|-0,2078684|0,5155336
0,1952203|-0,1629903|0,5518336
0,2020894|-0,1664843|0,5922574
0,1973061|-0,1929889|0,5936942
0,191806|-0,2052059|0,5837231
0,2010067|-0,2078051|0,5141386
0,2127341|-0,1718246|0,5495396
0,2159102|-0,1839519|0,5840427
0,2062014|-0,201939|0,5760114
0,1983147|-0,2101988|0,5620447
0,2094233|-0,2106689|0,5134135
0,2297087|-0,1820892|0,5493543
0,2294973|-0,1924103|0,5714006
0,2191471|-0,2070448|0,56761
0,2088795|-0,2117075|0,55885
#END#
#START#
0,1092602|0,05735023|0,5205562
0,107675|0,01403779|0,5072361
0,0897952|0,02443885|0,5172513
0,06677147|0,04378991|0,5471091
0,06875259|0,06337291|0,5738476
0,07727788|0,0728508|0,585669
0,09905162|0,02804553|0,5156175
0,07903453|0,08605396|0,5260608
0,077866|0,1283335|0,5333367
0,07790628|0,149984|0,5412259
0,07911489|0,1639921|0,5452486
0,1063859|0,02843497|0,5152717
0,1003435|0,08515593|0,5250107
0,1001341|0,102765|0,5622321
0,0968917|0,080426|0,5769042
0,0940704|0,06410545|0,5752046
0,1162613|0,02930527|0,5152923
0,1185296|0,07913563|0,5297431
0,116039|0,08583026|0,5658879
0,1092013|0,06504311|0,5678011
0,1044269|0,04927277|0,5606959
0,1248413|0,02775066|0,5171885
0,1358947|0,0727983|0,5368423
0,1322148|0,07484099|0,5611609
0,1240052|0,05929012|0,5658947
0,115614|0,04866031|0,5616954
#END#
#START#
-0,08200555|0,01195849|0,522561
-0,07563812|-0,02950998|0,5058761
-0,09734846|-0,02113242|0,510556
-0,1315618|-0,004272928|0,5288954
-0,1377762|0,01562756|0,5540813
-0,1321028|0,02445854|0,5678074
-0,08804259|-0,0170381|0,512315
-0,1148893|0,03810852|0,5204362
-0,1224618|0,07855576|0,530457
-0,1273595|0,09823828|0,5415262
-0,1293568|0,1108488|0,5487553
-0,08079547|-0,0163043|0,5143269
-0,09436615|0,03884032|0,526426
-0,1076362|0,05442525|0,561612
-0,1132184|0,03022806|0,5723094
-0,1133653|0,01437418|0,5669484
-0,07128335|-0,01499455|0,5175269
-0,07814079|0,03373596|0,5365277
-0,09173928|0,03930508|0,5695773
-0,09716202|0,01807045|0,5679395
-0,09798947|0,002887103|0,55832
-0,06366552|-0,01626647|0,5219883
-0,06314415|0,02783708|0,5480256
-0,07328369|0,03021472|0,5697215
-0,08196637|0,01461921|0,5729837
-0,08859209|0,003536291|0,5670901
#END#
#START#
-0,1969496|0,03671661|0,4881211
-0,1888924|-0,005282213|0,4724429
-0,2102945|0,004285976|0,4724156
-0,246758|0,02155546|0,4859034
-0,2618239|0,0388533|0,5092737
-0,2657101|0,04789994|0,5239964
-0,2016346|0,008004123|0,4762011
-0,2271264|0,06454993|0,4791541
-0,2355999|0,1050003|0,4890182
-0,2419686|0,1249573|0,498814
-0,2449556|0,1376869|0,5054666
-0,1951533|0,008431832|0,4797826
-0,2083768|0,06392365|0,489407
-0,2288051|0,0780936|0,5218596
-0,2373779|0,05369961|0,5297288
-0,2369421|0,03806545|0,5238131
-0,1867133|0,009302695|0,4850463
-0,1950085|0,05762091|0,5025569
-0,2157446|0,06120679|0,5323978
-0,2213774|0,04038642|0,5282283
-0,220515|0,02589116|0,517585
-0,1803224|0,007601096|0,4910395
-0,1833845|0,05080194|0,5171426
-0,1982579|0,05139012|0,5360419
-0,2073143|0,03562128|0,5347363
-0,2119024|0,02564469|0,5256965
#END#
#START#
-0,2171804|-0,1326447|0,4986339
-0,2015115|-0,1677342|0,4744312
-0,2241979|-0,1618585|0,4748771
-0,2632891|-0,1534569|0,4894571
-0,2794418|-0,1432985|0,5163885
-0,281736|-0,1382925|0,5329998
-0,2164023|-0,1579383|0,4800515
-0,2510868|-0,1082828|0,4938056
-0,263666|-0,06938954|0,5098885
-0,2707789|-0,04960028|0,5192913
-0,2734203|-0,03633422|0,5247692
-0,210257|-0,1574519|0,4841471
-0,2331318|-0,1083727|0,5053879
-0,2567452|-0,1031797|0,5382825
-0,2626222|-0,1293383|0,5412332
-0,2597867|-0,1432861|0,5324031
-0,2023415|-0,1566497|0,4901461
-0,2196548|-0,1155363|0,5179364
-0,2423737|-0,1205815|0,5459855
-0,2446424|-0,1407887|0,5377067
-0,2407842|-0,1523821|0,5244126
-0,1960574|-0,1587733|0,4961159
-0,2078515|-0,1239421|0,5313372
-0,2243193|-0,1294104|0,548464
-0,2302088|-0,1457374|0,5429476
-0,2319732|-0,153739|0,5312593
#END#
#START#
-0,04023262|-0,1178997|0,5380344
-0,03432606|-0,1543389|0,5119741
-0,05574362|-0,146822|0,5182883
-0,08957009|-0,1346545|0,5408143
-0,09709202|-0,1221073|0,5701982
-0,09319384|-0,1167687|0,5862716
-0,04647681|-0,1434373|0,5210724
-0,07252648|-0,0911607|0,5417796
-0,07974507|-0,05254272|0,5596821
-0,08401421|-0,03345625|0,5717558
-0,08502967|-0,0205657|0,5785216
-0,03931695|-0,1433491|0,5233089
-0,05209637|-0,09243065|0,5480058
-0,06597376|-0,08583352|0,5861597
-0,07266917|-0,1111895|0,5921519
-0,07360475|-0,1260392|0,58459
-0,02991124|-0,1430399|0,5268653
-0,03617709|-0,1004684|0,5565735
-0,05073389|-0,1044504|0,5898394
-0,05640452|-0,1244212|0,5826622
-0,05721444|-0,1364862|0,5693242
-0,02239421|-0,1455119|0,5309815
-0,0217603|-0,1095211|0,5666407
-0,03323485|-0,1142851|0,5876256
-0,04151491|-0,1301805|0,5843008
-0,04716886|-0,1384248|0,5741959
#END#
#START#
0,03724143|-0,07046758|0,5477705
0,03693619|-0,1077075|0,5223359
0,01785007|-0,09928076|0,5315139
-0,01001963|-0,08750873|0,5612352
-0,01354309|-0,07699106|0,5925532
-0,007807976|-0,07210217|0,608241
0,02733887|-0,09614673|0,5327097
0,007272907|-0,04210743|0,5561498
0,003347028|-0,004614204|0,5758268
0,001169635|0,01330121|0,5901573
0,001135971|0,02515413|0,5987281
0,03461114|-0,09630238|0,5338024
0,02837607|-0,04447053|0,5586622
0,02071864|-0,03876844|0,5987946
0,01430395|-0,06420472|0,6048989
0,01169782|-0,07907918|0,5979186
0,04431317|-0,09631017|0,5358322
0,04514515|-0,05318008|0,5644684
0,03572883|-0,05761871|0,5998216
0,02815422|-0,07730822|0,5936795
0,02442543|-0,08986176|0,5814681
0,05231047|-0,09905672|0,5386755
0,06065718|-0,0626601|0,5723941
0,05256676|-0,0675036|0,5949617
0,04310472|-0,08296886|0,5930054
0,03536485|-0,09114445|0,5844131
#END#
#START#
-0,06065067|0,008657121|0,5250993
-0,05526463|-0,03380888|0,5108051
-0,07675951|-0,02470987|0,5150214
-0,1104063|-0,006014042|0,5328197
-0,1176953|0,0149632|0,55654
-0,115578|0,02538589|0,5705198
-0,06737173|-0,02073547|0,5165087
-0,09294629|0,03541621|0,5215186
-0,1007759|0,0774978|0,5277753
-0,105145|0,09945656|0,5330898
-0,106229|0,1138316|0,5353602
-0,0601212|-0,02005639|0,5184532
-0,07240913|0,03617261|0,5274162
-0,0859929|0,05533913|0,561257
-0,09258255|0,03355367|0,5755207
-0,09334631|0,01709142|0,5725499
-0,05058444|-0,01878203|0,5215518
-0,05628647|0,0310292|0,5377241
-0,07033207|0,03850663|0,5705186
-0,07604114|0,01730661|0,5703828
-0,07679935|0,001748036|0,5612478
-0,04297643|-0,01997712|0,5260549
-0,04154143|0,02519254|0,5495818
-0,05225712|0,027792|0,5709421
-0,06048064|0,01155133|0,5723656
-0,06597542|0,0009557357|0,5645245
#END#
#START#
-0,1639693|-0,09395009|0,5187185
-0,1567167|-0,1322763|0,4967419
-0,1779867|-0,1220609|0,4968224
-0,2145132|-0,1040426|0,5082192
-0,2260139|-0,08803597|0,5343359
-0,2232863|-0,08270013|0,5504957
-0,1692805|-0,1196257|0,5017923
-0,1924783|-0,06343348|0,5131055
-0,198923|-0,02304952|0,5278682
-0,2031215|-0,002441266|0,5372137
-0,2038285|0,0110781|0,5426633
-0,1628889|-0,1202455|0,505769
-0,1745956|-0,06693294|0,524234
-0,1972169|-0,05870157|0,5572151
-0,2062906|-0,08417151|0,5586134
-0,2048174|-0,09764799|0,5487313
-0,1546296|-0,1207972|0,5115967
-0,1624448|-0,0762091|0,5367479
-0,185496|-0,07796317|0,5648755
-0,1901931|-0,09713439|0,5552272
-0,1875114|-0,1081633|0,5411655
-0,1487615|-0,1238209|0,5175952
-0,1523719|-0,08605172|0,5506899
-0,1692168|-0,08900082|0,5677903
-0,1773602|-0,1040248|0,5611979
-0,1799704|-0,1110881|0,5490624
#END#
#START#
-0,02304302|-0,20341|0,4923706
-0,01636241|-0,2412077|0,4694799
-0,03725982|-0,233|0,4732131
-0,07111681|-0,2190469|0,4951399
-0,07993915|-0,2053518|0,5241547
-0,07801057|-0,1989985|0,5403384
-0,02833583|-0,2297174|0,476484
-0,05451285|-0,1754044|0,4915451
-0,06118566|-0,1343458|0,5055434
-0,06488477|-0,1130553|0,5135808
-0,06541501|-0,09911783|0,5178794
-0,02158683|-0,2297464|0,4793787
-0,03489815|-0,1769841|0,4997876
-0,05262819|-0,1674793|0,5355072
-0,06012143|-0,1927706|0,5411392
-0,05978314|-0,2073091|0,5328016
-0,0127517|-0,2295296|0,4838018
-0,0202031|-0,1849602|0,5103301
-0,03854749|-0,1860384|0,5420336
-0,04396774|-0,2063257|0,535664
-0,04320996|-0,2187119|0,5224948
-0,005766714|-0,2319888|0,4887691
-0,007219706|-0,1938168|0,5222778
-0,02123707|-0,1966255|0,542249
-0,0292909|-0,212507|0,5383673
-0,03333318|-0,2204603|0,5271749
#END#
#START#
-0,2390167|-0,5051665|0,2040183
-0,2295684|-0,5194354|0,1619478
-0,2128376|-0,5085378|0,1753322
-0,1866338|-0,4945876|0,2057731
-0,181879|-0,4949237|0,2374121
-0,1818795|-0,4983591|0,2548888
-0,2225599|-0,5117073|0,1775558
-0,2202878|-0,4761972|0,2267837
-0,2002386|-0,4858832|0,2540491
-0,1902776|-0,506698|0,2515948
-0,187834|-0,5185004|0,2414624
-0,2289678|-0,5159546|0,1779427
-0,2381734|-0,4872801|0,2287307
-0,2211773|-0,4899363|0,267444
-0,2038796|-0,509838|0,2649144
-0,1994732|-0,5175683|0,2505437
-0,2373853|-0,5216957|0,1790872
-0,249965|-0,5031992|0,2310433
-0,2409661|-0,505555|0,2662167
-0,2244575|-0,5189307|0,2619967
-0,2169427|-0,5242068|0,245927
-0,2426328|-0,5288723|0,1797457
-0,2615652|-0,5196838|0,2303125
-0,2659348|-0,5171047|0,2538517
-0,2547691|-0,5268357|0,263734
-0,2412429|-0,5314265|0,2627039
#END#
#START#
-0,2401752|-0,5067288|0,2031554
-0,2249234|-0,5199795|0,1628711
-0,2101203|-0,509707|0,1787542
-0,1880485|-0,4963751|0,2122717
-0,1889843|-0,4978326|0,2441378
-0,1931942|-0,5027211|0,2605741
-0,2201413|-0,5127658|0,1794644
-0,225023|-0,4784289|0,2296145
-0,2159342|-0,4842673|0,2619098
-0,2061135|-0,5046882|0,259093
-0,2028365|-0,5127661|0,2452576
-0,2266467|-0,5168985|0,1787543
-0,2430679|-0,4897506|0,227907
-0,2348259|-0,4980796|0,2669699
-0,217854|-0,5170349|0,2588513
-0,2144609|-0,5178424|0,2421345
-0,2352887|-0,5224968|0,1784489
-0,2547286|-0,5058318|0,2275668
-0,2495627|-0,513615|0,2620403
-0,2329692|-0,525489|0,2546055
-0,2253539|-0,5269236|0,2378198
-0,2407071|-0,5295674|0,1781083
-0,2650469|-0,5229363|0,2253018
-0,2663045|-0,5272588|0,247574
-0,2520778|-0,5374054|0,2514366
-0,2387292|-0,5392064|0,2464786
#END#
#START#
-0,05572886|-0,1587972|0,4647543
-0,03068188|-0,1852586|0,4338068
-0,02100061|-0,1623195|0,4442677
-0,0006320737|-0,1335845|0,4664845
0,006086728|-0,1110556|0,4834918
0,01769808|-0,1000624|0,494626
-0,03104754|-0,166845|0,4450624
-0,04320517|-0,1304097|0,4922574
-0,06292907|-0,1033581|0,5171071
-0,07488606|-0,08605405|0,526751
-0,08340559|-0,07564999|0,5326347
-0,03815303|-0,1712463|0,4434063
-0,06191839|-0,140852|0,4901757
-0,08326893|-0,1060159|0,5151106
-0,09506723|-0,08720681|0,5259086
-0,1031814|-0,07492655|0,5323446
-0,0477727|-0,1765468|0,44126
-0,07847358|-0,1465486|0,4818445
-0,09730825|-0,1180283|0,5062417
-0,1074681|-0,1008063|0,5151042
-0,1159858|-0,08888982|0,5234921
-0,05499806|-0,1794819|0,4369305
-0,0920965|-0,1533571|0,4694557
-0,1061943|-0,1346156|0,4876198
-0,1156556|-0,1224748|0,4930018
-0,1221676|-0,1118825|0,498849
#END#
#START#
-0,2401796|-0,5066914|0,2020294
-0,2268015|-0,5214052|0,1612213
-0,2114139|-0,5101247|0,1759701
-0,1875807|-0,4950542|0,2074238
-0,1862971|-0,49546|0,2394543
-0,1903563|-0,5006202|0,255689
-0,2213011|-0,5133418|0,177407
-0,2241596|-0,4770577|0,2262495
-0,2110009|-0,4834403|0,2580296
-0,2002885|-0,5037878|0,2579699
-0,1964558|-0,5145108|0,2465586
-0,2277486|-0,5176169|0,1772571
-0,2419852|-0,4887235|0,2260265
-0,2299373|-0,495282|0,264996
-0,2130642|-0,5144582|0,2578387
-0,2105522|-0,516511|0,2410616
-0,2362734|-0,5233873|0,177682
-0,2533233|-0,5050859|0,2269155
-0,2458138|-0,5117123|0,2607432
-0,2301269|-0,5227129|0,2506149
-0,2255799|-0,5225978|0,2326143
-0,2415501|-0,5305694|0,1779216
-0,2638172|-0,5220869|0,2261523
-0,2648338|-0,5242408|0,2482384
-0,2499272|-0,5336784|0,2503051
-0,2376066|-0,5340867|0,2426185
#END#
#START#
-0,2469359|-0,5062538|0,1907571
-0,2317664|-0,5209017|0,1504847
-0,2171343|-0,509542|0,1659126
-0,1954327|-0,4945146|0,1991348
-0,1961731|-0,4947608|0,2311905
-0,2000756|-0,4990038|0,2478909
-0,2270331|-0,5128494|0,1668574
-0,2320929|-0,476549|0,215591
-0,2217582|-0,4825501|0,2496017
-0,2102372|-0,5017499|0,2560084
-0,2031409|-0,5151013|0,2530496
-0,23339|-0,5171988|0,166442
-0,2498422|-0,4882105|0,2149741
-0,2398103|-0,4923534|0,2558984
-0,2217186|-0,5116802|0,2577227
-0,2126935|-0,5210375|0,2472245
-0,2418163|-0,5230628|0,1665234
-0,2614412|-0,5043623|0,2158247
-0,257246|-0,5078037|0,2517914
-0,2398345|-0,5209931|0,2504191
-0,2278643|-0,5285698|0,2390919
-0,2470053|-0,5303108|0,1665817
-0,2722693|-0,5209092|0,214209
-0,2786642|-0,5185921|0,2380725
-0,2701906|-0,5274563|0,251099
-0,2577526|-0,5326058|0,2553102
#END#
#START#
-0,2536709|-0,5056567|0,1763677
-0,2340939|-0,5189087|0,1373933
-0,2216154|-0,5076522|0,1543871
-0,2035574|-0,4942964|0,1904317
-0,2060661|-0,495901|0,2223979
-0,2101701|-0,5001243|0,2391745
-0,2314097|-0,5111565|0,1543267
-0,2421718|-0,4762938|0,2029576
-0,2297188|-0,4880438|0,2339271
-0,2183944|-0,5081151|0,2317026
-0,213141|-0,5180965|0,220545
-0,2375252|-0,5156162|0,1532436
-0,259332|-0,4883449|0,2002236
-0,2507166|-0,4944364|0,2406417
-0,2325508|-0,5133001|0,2364847
-0,2274431|-0,5164446|0,2205319
-0,2456982|-0,5216578|0,152417
-0,2703083|-0,5048802|0,1994882
-0,2675946|-0,510115|0,2349493
-0,2500488|-0,5215952|0,2298589
-0,2419478|-0,5225664|0,2131225
-0,2506588|-0,5290378|0,1517801
-0,2804003|-0,5219178|0,1967566
-0,2869239|-0,5222163|0,2193757
-0,2742426|-0,5314884|0,2270415
-0,260221|-0,5325125|0,2231403
#END#
#START#
-0,2472204|-0,5066317|0,1899983
-0,2301111|-0,5191665|0,1501558
-0,2162198|-0,5086238|0,1665276
-0,1953238|-0,4952771|0,2007606
-0,1956759|-0,4968497|0,2325954
-0,1991201|-0,5015427|0,2493284
-0,2261544|-0,5119506|0,1669276
-0,2339489|-0,4781873|0,2172339
-0,227908|-0,4860805|0,2510907
-0,2166151|-0,5060818|0,2524079
-0,2100692|-0,5161741|0,2417023
-0,2325124|-0,5162421|0,1659806
-0,2515888|-0,4899914|0,2146599
-0,2453823|-0,4994308|0,2538428
-0,2272821|-0,5175259|0,246739
-0,2230209|-0,5173334|0,2301631
-0,2409816|-0,5220616|0,1653512
-0,2628942|-0,5061992|0,2139601
-0,2599719|-0,5131945|0,2484964
-0,2429479|-0,524463|0,2413781
-0,2356769|-0,5243655|0,2242614
-0,246191|-0,5292714|0,164752
-0,2722094|-0,5236145|0,2112573
-0,2729613|-0,5277578|0,2333767
-0,257578|-0,5364758|0,2338864
-0,2457871|-0,5349351|0,2254038
#END#
#START#
-0,2430563|-0,5052863|0,194379
-0,226579|-0,517514|0,1546613
-0,2122155|-0,5079342|0,1708965
-0,1908256|-0,4959291|0,2054733
-0,1902335|-0,4979961|0,2376199
-0,1947768|-0,5038213|0,2534986
-0,2222701|-0,5109231|0,1712547
-0,2284563|-0,4781387|0,2222635
-0,2204204|-0,4863341|0,2533752
-0,2119233|-0,5050542|0,244172
-0,2109809|-0,5068542|0,2275861
-0,2287888|-0,514979|0,1702141
-0,2465799|-0,4892235|0,2196306
-0,2400665|-0,4992937|0,2580174
-0,2234571|-0,5169957|0,2469597
-0,2217457|-0,5140268|0,2301142
-0,2374647|-0,5204772|0,1694742
-0,2586695|-0,5050673|0,2185863
-0,256323|-0,5137353|0,2529274
-0,2394098|-0,5255968|0,2466305
-0,2312802|-0,5255463|0,2298968
-0,2429298|-0,5274819|0,1687595
-0,2693538|-0,5216578|0,2152792
-0,2735361|-0,5252518|0,2370608
-0,259861|-0,5355131|0,2413037
-0,2464702|-0,5360354|0,2356045
#END#
#START#
-0,08582261|-0,2013682|0,6590514
-0,0839529|-0,2104598|0,6134551
-0,1045744|-0,2105742|0,6262019
-0,1358219|-0,2193346|0,6534958
-0,1443415|-0,2313818|0,6825094
-0,1431126|-0,2390283|0,6983132
-0,09495158|-0,2092769|0,6296112
-0,1168879|-0,1870903|0,6831133
-0,1269313|-0,1832494|0,72243
-0,1325526|-0,1890662|0,7443771
-0,1355775|-0,1960789|0,7572365
-0,0875263|-0,2100886|0,6305571
-0,09569944|-0,1898876|0,6849304
-0,1052713|-0,2089805|0,721297
-0,1120009|-0,2339811|0,7156515
-0,1145643|-0,24253|0,7014693
-0,07765847|-0,2114643|0,6323271
-0,07873827|-0,2001695|0,6844089
-0,08846352|-0,2233733|0,7105611
-0,09528469|-0,2356333|0,6937493
-0,09746707|-0,2352123|0,6756593
-0,06965531|-0,2154113|0,6327342
-0,06286705|-0,2120952|0,6836274
-0,07001825|-0,2282353|0,6989564
-0,07896551|-0,2386137|0,6869124
-0,08578241|-0,2371451|0,674341
#END#
#START#
0,08270447|-0,1959762|0,645364
0,07499029|-0,2042973|0,6001216
0,0588652|-0,2078662|0,6176193
0,03914383|-0,2234317|0,6521478
0,04082778|-0,2377241|0,6817069
0,04643768|-0,2453812|0,6966491
0,06853053|-0,2049152|0,6186692
0,05648291|-0,1874524|0,6765319
0,05642825|-0,1997001|0,7137142
0,05810826|-0,2169575|0,7292347
0,05988367|-0,2297985|0,7366402
0,07589687|-0,2045225|0,6178588
0,07739115|-0,1868584|0,672219
0,07848646|-0,2155129|0,7022501
0,07309112|-0,2364686|0,6861836
0,06879156|-0,2384247|0,6701161
0,08586069|-0,2043049|0,6172401
0,09495196|-0,19407|0,6667234
0,09442268|-0,2240246|0,6880171
0,08498406|-0,2326769|0,6702394
0,07855067|-0,2282708|0,6537747
0,09424576|-0,2068865|0,6155751
0,1119215|-0,2035945|0,6623892
0,1103214|-0,2235493|0,6749554
0,09962211|-0,2321997|0,6628165
0,0901133|-0,2289555|0,6525205
#END#
#START#
-0,2407283|-0,193487|0,5509139
-0,222478|-0,200236|0,5091981
-0,2459322|-0,2041799|0,5141
-0,28312|-0,2177644|0,5294628
-0,2992087|-0,2310615|0,5541685
-0,3034282|-0,2389003|0,5694813
-0,2382488|-0,2015291|0,5204989
-0,2799287|-0,185086|0,5630937
-0,3012009|-0,1812876|0,5987474
-0,312292|-0,1852069|0,6188801
-0,3183036|-0,189525|0,6317134
-0,2314747|-0,2012079|0,5238727
-0,260267|-0,1849439|0,5714971
-0,2768603|-0,2099411|0,6008266
-0,2758652|-0,2343821|0,5902674
-0,2719732|-0,2414596|0,5756558
-0,2226193|-0,2010858|0,5288605
-0,2426287|-0,1924708|0,5763802
-0,2557812|-0,2208902|0,5953203
-0,2541367|-0,2312604|0,576071
-0,2503142|-0,2291383|0,5584491
-0,2147048|-0,2037607|0,5320134
-0,2260863|-0,2021093|0,5813676
-0,2355706|-0,2219996|0,591222
-0,2375737|-0,2316029|0,5757726
-0,2395346|-0,229727|0,5617083
#END#
#START#
-0,0990202|-0,1659461|0,6150814
-0,09026115|-0,1759222|0,571043
-0,1120206|-0,1796625|0,5813062
-0,1450276|-0,1917375|0,6051118
-0,1555268|-0,203081|0,6336486
-0,1548686|-0,2095119|0,649974
-0,1031506|-0,1764511|0,585641
-0,1348102|-0,1569355|0,6349527
-0,1481793|-0,1508159|0,6736719
-0,1545148|-0,1543317|0,6958659
-0,1574338|-0,1589486|0,7096936
-0,09577086|-0,175786|0,587395
-0,1137684|-0,1559629|0,6386988
-0,1227412|-0,1793218|0,6724828
-0,1234243|-0,204395|0,6635636
-0,1226612|-0,2121066|0,6487519
-0,08599985|-0,1751648|0,5902678
-0,09529222|-0,1628916|0,6401058
-0,1031065|-0,1900303|0,6633065
-0,1054032|-0,2014036|0,6447052
-0,1055586|-0,1999456|0,6265868
-0,07751909|-0,1775018|0,5917913
-0,07779179|-0,1719563|0,6420686
-0,08416006|-0,1910138|0,6549433
-0,08921476|-0,2012017|0,6405293
-0,09414844|-0,1997874|0,6271437
#END#
#START#
0,0149859|-0,02680263|0,6173483
0,01481802|-0,04729071|0,5761454
-0,00501282|-0,04614084|0,5902771
-0,0343703|-0,04975387|0,6218784
-0,03988567|-0,053791|0,653916
-0,03626448|-0,05687401|0,6709095
0,004877801|-0,04311395|0,5922769
-0,01647075|-0,008767321|0,6403803
-0,02375071|0,005478025|0,6789147
-0,02715445|0,005729328|0,7026329
-0,02821063|0,004483677|0,7169129
0,01256948|-0,04306898|0,5926505
0,005007178|-0,009821404|0,6406219
-0,001019239|-0,02349661|0,6802349
-0,005582094|-0,05026546|0,6759028
-0,007526823|-0,06029714|0,6629434
0,0228277|-0,04315618|0,5937414
0,02306925|-0,01866294|0,6410785
0,01691863|-0,03851481|0,671593
0,01021948|-0,05370182|0,6561983
0,007301283|-0,05645422|0,6385474
0,03129627|-0,04618913|0,5945618
0,04029622|-0,02941233|0,6428099
0,03457053|-0,04365927|0,66127
0,02587938|-0,05686445|0,6511219
0,01851128|-0,05861023|0,6387744
#END#
#START#
-0,1286058|0,05561509|0,5685434
-0,1204873|0,03130951|0,52817
-0,1434585|0,03326759|0,5396947
-0,1789823|0,03194386|0,5635592
-0,1891596|0,03156722|0,594096
-0,187371|0,03029441|0,6115394
-0,1340236|0,03686792|0,5431377
-0,1639449|0,07394828|0,5840737
-0,178539|0,09481092|0,6179955
-0,1865182|0,1004766|0,6400617
-0,1904365|0,1013799|0,6539732
-0,1264075|0,03740736|0,5447858
-0,1427754|0,07413074|0,5880708
-0,1547546|0,06560473|0,6281997
-0,1583608|0,03856449|0,6288095
-0,1580932|0,02714363|0,61676
-0,1163191|0,03795289|0,5475326
-0,1247262|0,06630043|0,5922894
-0,1351002|0,05025475|0,6237295
-0,1386143|0,03305675|0,6094975
-0,1382393|0,02940624|0,5916313
-0,1079649|0,03541462|0,5499084
-0,1076876|0,05661765|0,5975415
-0,116296|0,04433105|0,6164942
-0,1224216|0,0297188|0,6064345
-0,1272537|0,02668728|0,5930767
#END#
#START#
-0,0183697|-0,05144529|0,6195774
-0,01633234|-0,07155599|0,5777189
-0,03845406|-0,06881533|0,5911468
-0,07256752|-0,0647274|0,617171
-0,08089549|-0,06330437|0,6480394
-0,07890732|-0,06534065|0,6654449
-0,02813533|-0,06666739|0,5938298
-0,05036255|-0,03162249|0,640074
-0,06194888|-0,02188621|0,6785225
-0,06823521|-0,0244788|0,7015852
-0,07117066|-0,02830854|0,7152084
-0,02019216|-0,06716305|0,5946562
-0,02907331|-0,03408153|0,6419268
-0,04003353|-0,04934554|0,6805252
-0,0461142|-0,07562273|0,6761136
-0,04754823|-0,0849765|0,6625245
-0,009704304|-0,06797957|0,5963579
-0,01175007|-0,04418416|0,6435102
-0,02206099|-0,06505612|0,6721599
-0,02792341|-0,07827163|0,6547607
-0,0287604|-0,07823933|0,6365764
-0,001546739|-0,07158931|0,5978035
0,004437107|-0,05616328|0,6466427
-0,004024584|-0,07073124|0,6634765
-0,0121625|-0,08169556|0,6503946
-0,01755226|-0,08054378|0,6369122
#END#
#START#
-0,1781795|-0,1757714|0,5724327
-0,1634614|-0,1863461|0,529374
-0,1869794|-0,1886847|0,5367075
-0,2241648|-0,2003328|0,5554273
-0,2394822|-0,2120935|0,5816681
-0,2429858|-0,2193512|0,5975665
-0,1785356|-0,1860272|0,5423943
-0,2165913|-0,1640005|0,5872687
-0,2373706|-0,1616795|0,6233745
-0,2482518|-0,1677979|0,6439196
-0,2536816|-0,1733477|0,6560762
-0,1714053|-0,1859135|0,5452448
-0,1961944|-0,1646641|0,5939558
-0,213315|-0,1886321|0,6247725
-0,2134914|-0,2134343|0,6130332
-0,2099875|-0,2190662|0,5978621
-0,1620309|-0,1860621|0,5495402
-0,1783973|-0,1729991|0,5981979
-0,1920058|-0,2002115|0,6194814
-0,1919452|-0,2110645|0,599646
-0,1887103|-0,2083397|0,5819504
-0,1539665|-0,1890379|0,5523379
-0,1616691|-0,1835556|0,6031846
-0,1713634|-0,2017821|0,6149437
-0,1747494|-0,2109298|0,5988036
-0,1771522|-0,2075672|0,5848015
#END#
#START#
-0,2474663|-0,2865296|0,5000844
-0,2254816|-0,2878303|0,4588419
-0,2496005|-0,2919849|0,461626
-0,2879098|-0,3089415|0,4725037
-0,3047057|-0,3262888|0,4946897
-0,3089376|-0,3363853|0,508716
-0,2423514|-0,2903475|0,4689544
-0,2882388|-0,2785563|0,5103406
-0,3143333|-0,2838581|0,5431647
-0,3282272|-0,2921456|0,5608596
-0,3355379|-0,2980045|0,5716996
-0,2358581|-0,2907406|0,4728674
-0,2692622|-0,2802727|0,5202212
-0,2903601|-0,3091324|0,5436105
-0,2884852|-0,331957|0,5286193
-0,2826417|-0,3352158|0,5134615
-0,2273788|-0,2916689|0,4785038
-0,2520771|-0,2891151|0,5257193
-0,2681473|-0,319329|0,5395812
-0,2642824|-0,3262108|0,5184014
-0,2581376|-0,3197339|0,5024978
-0,2197352|-0,2950564|0,481949
-0,2358951|-0,3001472|0,5312076
-0,2469952|-0,3199284|0,5381358
-0,2471084|-0,3257283|0,5202604
-0,2470814|-0,3189802|0,5072173
#END#
#START#
-0,01081465|-0,2746174|0,5817969
-0,00674524|-0,2799761|0,5358631
-0,02679099|-0,2854321|0,5481733
-0,05464085|-0,3046908|0,575232
-0,05896919|-0,321229|0,6036192
-0,05488881|-0,329535|0,6186535
-0,01762892|-0,2822693|0,5518267
-0,04504839|-0,2684918|0,6067456
-0,05505386|-0,2750441|0,6461304
-0,0587748|-0,2873613|0,6664243
-0,05977669|-0,296662|0,6774587
-0,01018538|-0,281673|0,5528539
-0,02363558|-0,2674502|0,607995
-0,02975084|-0,2962819|0,6381553
-0,03055861|-0,3183069|0,6215441
-0,0305495|-0,320008|0,6050446
-0,0002130704|-0,2812217|0,5547165
-0,004739381|-0,2740804|0,6069865
-0,01017309|-0,3044203|0,6278505
-0,01428768|-0,3136863|0,6076473
-0,01594339|-0,3092401|0,5900758
0,008515144|-0,2835314|0,5551322
0,01357|-0,2830621|0,6067449
0,008835653|-0,3031118|0,6190552
0,002137705|-0,312222|0,6040998
-0,004315405|-0,3087076|0,5914726
#END#
#START#
0,1848994|-0,2979881|0,5585173
0,1703928|-0,3002235|0,5144475
0,1573778|-0,3075577|0,5332944
0,1456183|-0,3301078|0,5687332
0,1556299|-0,3466564|0,5951942
0,1622939|-0,3562036|0,609281
0,1670219|-0,3040394|0,5330932
0,1632052|-0,2952973|0,5952207
0,1705263|-0,3077134|0,6346406
0,1753931|-0,3188553|0,6549333
0,1796011|-0,3242061|0,6673685
0,1741623|-0,3031813|0,5311086
0,1834685|-0,2931828|0,5885035
0,1907242|-0,3228645|0,619354
0,1864142|-0,3482611|0,6110864
0,1815016|-0,3587395|0,5996532
0,1839381|-0,3024073|0,5288848
0,2008018|-0,298845|0,5799826
0,2059565|-0,3293971|0,6016053
0,1952375|-0,3431384|0,5872017
0,1860632|-0,346597|0,5723513
0,1921513|-0,3043414|0,5256549
0,218051|-0,3061233|0,5720825
0,2217343|-0,3247904|0,5878458
0,2138075|-0,3405624|0,5830006
0,2030197|-0,3471981|0,5764742
#END#
#START#
0,006934001|-0,06639703|0,5793179
0,008106652|-0,08649012|0,5376269
-0,01286601|-0,08381227|0,5507753
-0,04536144|-0,08389688|0,579512
-0,05514391|-0,08698089|0,6106633
-0,05241276|-0,09041991|0,6275926
-0,002814988|-0,0816178|0,5534629
-0,02455252|-0,04628404|0,6003529
-0,03435109|-0,03566618|0,6388385
-0,03976988|-0,03927316|0,6620197
-0,04229221|-0,04446066|0,67536
0,004905912|-0,08215398|0,5543221
-0,003261519|-0,04903975|0,6017704
-0,01320028|-0,06493467|0,639737
-0,01918302|-0,09082173|0,6325147
-0,02067503|-0,09914663|0,618313
0,01513747|-0,08302973|0,5560474
0,01397988|-0,05923007|0,6031492
0,00414949|-0,08028093|0,6318424
-0,002271755|-0,09335677|0,6145352
-0,003571707|-0,09327289|0,5963827
0,02328125|-0,08670591|0,5573812
0,03000877|-0,07130545|0,6061895
0,02122259|-0,08593655|0,6233994
0,01288913|-0,09717656|0,6107789
0,007317888|-0,09627375|0,5973469
#END#
#START#
-0,1709992|-0,11245|0,5540149
-0,155192|-0,1260865|0,5124632
-0,179737|-0,1255604|0,5180796
-0,2202356|-0,1293009|0,5311664
-0,238642|-0,1368574|0,5565567
-0,2390551|-0,1428819|0,5727915
-0,1712537|-0,1237553|0,5243841
-0,208756|-0,09619655|0,5662541
-0,2314081|-0,09029479|0,5998465
-0,2439599|-0,09759631|0,6191121
-0,2503074|-0,1056508|0,62955
-0,1641104|-0,124258|0,5276923
-0,1888064|-0,09884384|0,5738596
-0,2090997|-0,1212574|0,6027176
-0,2080999|-0,1435459|0,5863763
-0,2026324|-0,1434303|0,5705475
-0,1548133|-0,1251837|0,5325865
-0,1721767|-0,1088051|0,5790792
-0,1890862|-0,1349788|0,5984877
-0,1873789|-0,1426977|0,5773392
-0,1818497|-0,1358321|0,5612198
-0,1472695|-0,1288573|0,5359493
-0,1571306|-0,1211461|0,5853003
-0,1689903|-0,1389653|0,5947336
-0,1702599|-0,1438682|0,5763581
-0,1698453|-0,1361147|0,563807
#END#
#START#
-0,2088626|-0,2798691|0,5271047
-0,1893534|-0,2793346|0,4840589
-0,2136922|-0,2833472|0,4886475
-0,2517839|-0,2997179|0,501338
-0,2680627|-0,3174066|0,5234759
-0,2726978|-0,3281191|0,5370215
-0,2058878|-0,2821607|0,4955325
-0,2486577|-0,2718595|0,5403288
-0,2728478|-0,2807563|0,5731564
-0,2854663|-0,2923828|0,589987
-0,2918826|-0,3009738|0,5996116
-0,1991317|-0,282812|0,4989935
-0,2290513|-0,2742689|0,5487494
-0,2488029|-0,3046912|0,5712404
-0,24775|-0,3261251|0,5542054
-0,2427447|-0,3278255|0,5384892
-0,1902732|-0,2841132|0,5039925
-0,2116804|-0,2835636|0,5526098
-0,2271864|-0,3146172|0,5654537
-0,2247306|-0,3201042|0,5436727
-0,2195175|-0,3124701|0,527932
-0,1824652|-0,2877625|0,5067397
-0,1954254|-0,2951448|0,5564662
-0,2064221|-0,3153789|0,5625675
-0,2075804|-0,3198245|0,5443001
-0,2081778|-0,3122922|0,5317315
#END#
#START#
-0,1574365|-0,5081539|0,2076456
-0,16356|-0,5019583|0,1618186
-0,1455642|-0,4906466|0,1751578
-0,1122175|-0,4788418|0,2000581
-0,09365688|-0,4873648|0,2247241
-0,08383265|-0,4949321|0,2379469
-0,1525531|-0,4980817|0,1781612
-0,139713|-0,4831858|0,2372405
-0,1163269|-0,4926562|0,2638214
-0,0976634|-0,5064063|0,2579754
-0,09052099|-0,5129005|0,2459084
-0,1570109|-0,5044723|0,1782293
-0,1518385|-0,5009511|0,2364082
-0,1202289|-0,517891|0,2583286
-0,1040049|-0,5232025|0,2368051
-0,1067306|-0,5184307|0,221022
-0,1625586|-0,5132542|0,1786771
-0,1563933|-0,5198265|0,2315691
-0,125971|-0,5351131|0,2457972
-0,1185253|-0,5314095|0,2248558
-0,1249962|-0,5229263|0,2099034
-0,1651428|-0,5217923|0,1772726
-0,1587228|-0,5392566|0,2261359
-0,1374499|-0,5479623|0,2339544
-0,1280437|-0,5436503|0,2184964
-0,1294255|-0,5334024|0,2081013
#END#
#START#
-0,04370002|-0,3532289|0,5347031
-0,035752|-0,3511812|0,4888794
-0,058195|-0,354736|0,4985526
-0,09362107|-0,3697969|0,5179752
-0,1056832|-0,3888396|0,5419499
-0,1026736|-0,39987|0,555002
-0,04888973|-0,3541939|0,5034714
-0,07868639|-0,3449928|0,5581397
-0,09056155|-0,3484673|0,5988535
-0,09738597|-0,3571782|0,6202253
-0,1006589|-0,3642982|0,6323341
-0,04143449|-0,3551596|0,5051438
-0,05767365|-0,34836|0,5610082
-0,07052808|-0,3797252|0,5859966
-0,07416206|-0,3989682|0,566597
-0,07351375|-0,3988431|0,5500417
-0,03158581|-0,3568717|0,5077757
-0,04019459|-0,3581303|0,5596716
-0,05230705|-0,390427|0,573037
-0,05571066|-0,3936768|0,5509019
-0,05481451|-0,385293|0,5348139
-0,02346493|-0,360798|0,5083633
-0,02400281|-0,3704541|0,5584542
-0,0339224|-0,3919231|0,5635868
-0,03952|-0,3938209|0,545595
-0,04297114|-0,3853014|0,5342769
#END#
#START#
-0,0823213|-0,1746235|0,5539009
-0,0727957|-0,186685|0,5096253
-0,09624495|-0,1835645|0,5186669
-0,1340769|-0,1848045|0,5395981
-0,1485277|-0,1922768|0,56804
-0,1480229|-0,1990131|0,584106
-0,08694167|-0,1832505|0,52377
-0,1158046|-0,1545046|0,571491
-0,1294639|-0,1460999|0,6100582
-0,1387498|-0,1505414|0,6318169
-0,1439175|-0,1559817|0,6442264
-0,07975853|-0,1849569|0,5261137
-0,0958338|-0,1602999|0,5770225
-0,1143308|-0,1791995|0,6100324
-0,1222708|-0,2031448|0,5992329
-0,1223472|-0,2097485|0,5840696
-0,0703666|-0,187516|0,5297449
-0,0804453|-0,1728653|0,579972
-0,09814225|-0,1961064|0,6024776
-0,1026446|-0,2065303|0,582898
-0,1008616|-0,2053627|0,5649139
-0,06311676|-0,1924471|0,5319566
-0,06661637|-0,1874332|0,5831794
-0,08020406|-0,2037198|0,5947514
-0,08673525|-0,2115785|0,5789347
-0,08942005|-0,2080972|0,5650861
#END#
#START#
-0,2139551|-0,1648675|0,5054973
-0,1937766|-0,1774407|0,4653611
-0,2184598|-0,1750313|0,4681215
-0,2600345|-0,1783739|0,4785924
-0,2803639|-0,186849|0,5026665
-0,2838529|-0,1935373|0,5184346
-0,210821|-0,1742717|0,475385
-0,2513782|-0,145778|0,5139039
-0,2767179|-0,1397658|0,5465267
-0,2917491|-0,1441998|0,5647357
-0,3000373|-0,1488717|0,5755723
-0,2044234|-0,1756528|0,4794663
-0,2330153|-0,1507559|0,5239296
-0,2587687|-0,1722178|0,5496957
-0,2609392|-0,1956862|0,5354247
-0,2560686|-0,2013197|0,5206865
-0,1961748|-0,1777726|0,4853652
-0,2182626|-0,1626199|0,5305929
-0,2400028|-0,1877876|0,5466787
-0,2377394|-0,1966028|0,5259449
-0,2307883|-0,1934957|0,5094867
-0,189511|-0,1823693|0,4893947
-0,2053327|-0,1766357|0,5377627
-0,2205284|-0,1937368|0,5450973
-0,2217716|-0,2006944|0,5275175
-0,2205039|-0,1963203|0,5137089
#END#
#START#
-0,08526158|-0,05371991|0,5692332
-0,08038806|-0,07310577|0,5280671
-0,1021279|-0,06665431|0,5365852
-0,1389712|-0,0623164|0,5582654
-0,1532273|-0,06543002|0,5875112
-0,1528088|-0,07015146|0,6042888
-0,09268148|-0,06648985|0,5412972
-0,1156808|-0,02796418|0,5853096
-0,1281056|-0,01451439|0,6223462
-0,1372829|-0,01629659|0,6444406
-0,1424056|-0,01962083|0,6575254
-0,08558416|-0,06854197|0,5435648
-0,09600538|-0,03494226|0,5903706
-0,1151412|-0,04849444|0,6248953
-0,1233371|-0,07200751|0,6127357
-0,1221823|-0,07690088|0,596877
-0,07630413|-0,07141997|0,5471574
-0,08161182|-0,04838947|0,5942948
-0,1004583|-0,06743401|0,6194914
-0,1054779|-0,07825346|0,6002589
-0,1029291|-0,0771069|0,5822682
-0,06941535|-0,0766434|0,5497784
-0,06896073|-0,06363888|0,599324
-0,08281865|-0,07709523|0,6130449
-0,09017795|-0,08494273|0,5974452
-0,09222657|-0,0812272|0,5834625
#END#
#START#
0,1126997|-0,2396609|0,5297235
0,1070889|-0,2456471|0,4836509
0,08860963|-0,2428467|0,4994814
0,05983902|-0,2492533|0,531017
0,05520125|-0,2627756|0,5607536
0,05926245|-0,2721239|0,5750881
0,09876739|-0,2436137|0,5015529
0,08811469|-0,2207302|0,559232
0,08517177|-0,2207525|0,6010921
0,08197642|-0,2273654|0,6238447
0,08083414|-0,232321|0,6372271
0,1059486|-0,245997|0,5014276
0,1081385|-0,2282358|0,5572363
0,09719052|-0,2521173|0,5902137
0,0847721|-0,2725208|0,5764428
0,08066635|-0,2751116|0,5606206
0,1155022|-0,2495243|0,5017351
0,122472|-0,2418139|0,5534568
0,1094029|-0,2682307|0,5758073
0,09887777|-0,2739863|0,5566202
0,09620295|-0,2686714|0,5394672
0,1225883|-0,255082|0,5009415
0,1353606|-0,2574286|0,5505838
0,1248168|-0,2748233|0,5629927
0,1130991|-0,2789719|0,548791
0,1070497|-0,2723229|0,5373214
#END#
#START#
-0,032584|-0,2356481|0,538586
-0,02297379|-0,2417451|0,4929868
-0,0459681|-0,2393124|0,5023149
-0,08350505|-0,2447049|0,5227312
-0,09606967|-0,2576004|0,5503682
-0,09283119|-0,2666148|0,5647513
-0,03687171|-0,2398944|0,5075044
-0,06564052|-0,2171101|0,5586236
-0,07979513|-0,2115391|0,5972289
-0,09008788|-0,2192706|0,6177056
-0,09626891|-0,2284088|0,6275224
-0,02988452|-0,2421029|0,5096791
-0,04589724|-0,2242983|0,5631814
-0,06578039|-0,2477106|0,5915043
-0,07207908|-0,2677131|0,5734721
-0,07000673|-0,26837|0,5569781
-0,0207461|-0,2454|0,513016
-0,03082755|-0,2375531|0,5642084
-0,04969286|-0,2640301|0,5814999
-0,05297796|-0,269463|0,5597926
-0,04954689|-0,2631365|0,5430466
-0,01365106|-0,2507887|0,5145569
-0,01746178|-0,2529305|0,5655205
-0,031439|-0,2707317|0,5733995
-0,03705804|-0,2740472|0,5556549
-0,03834563|-0,2663713|0,5432681
#END#