#START#
0,005788242|-0,121748|0,4306012
0,004664379|-0,1487648|0,4036796
-0,009805215|-0,137507|0,4106961
-0,03304212|-0,1252357|0,4267507
-0,04768445|-0,1191212|0,44859
-0,04679104|-0,1209808|0,4602688
-0,002195203|-0,1372687|0,4123434
-0,01281138|-0,09704068|0,437848
-0,02146|-0,06991391|0,4606933
-0,02844124|-0,06173794|0,4759962
-0,03380078|-0,06020174|0,486295
0,003003084|-0,1386023|0,4144691
0,001333715|-0,1013447|0,4420609
-0,01330953|-0,09870161|0,476261
-0,02309233|-0,1171091|0,4761832
-0,02645213|-0,1271839|0,4682931
0,009380974|-0,1400471|0,4178426
0,00994441|-0,1106207|0,4476321
-0,001313956|-0,1125498|0,4753037
-0,009582722|-0,1272597|0,4668639
-0,01117964|-0,1341002|0,4529319
0,01354486|-0,1438164|0,4201403
0,01995774|-0,1197863|0,4537915
0,01233029|-0,1204384|0,4680721
0,002580967|-0,1298722|0,4664477
-0,004016706|-0,1356306|0,4586878
#END#
#START#
-0,06679279|-0,1133919|0,5556932
-0,06262578|-0,1403257|0,5278271
-0,07986835|-0,1322793|0,5363202
-0,1061384|-0,1229583|0,5500575
-0,1248058|-0,1178398|0,5686765
-0,1244058|-0,119127|0,5803786
-0,07221694|-0,1302812|0,5375807
-0,09036849|-0,09414064|0,5646034
-0,101031|-0,0670631|0,5872139
-0,1075729|-0,06010025|0,6032137
-0,1119022|-0,06015918|0,6141616
-0,06653161|-0,1302522|0,539265
-0,07531064|-0,09475796|0,5678088
-0,08625326|-0,09464232|0,6030047
-0,09118659|-0,1150028|0,6025044
-0,09250683|-0,1248556|0,5937003
-0,05955429|-0,1300666|0,542101
-0,06426716|-0,1016516|0,572569
-0,07205636|-0,1061958|0,6010873
-0,07742893|-0,1225733|0,593438
-0,07889899|-0,1301937|0,5799426
-0,0544146|-0,1326947|0,5440175
-0,05183564|-0,108381|0,5775545
-0,0577441|-0,1119996|0,5922171
-0,06513684|-0,1234559|0,5912715
-0,07112296|-0,1306768|0,5843151
#END#
#START#
-0,003729553|-0,218174|0,4304894
-0,003946088|-0,2391454|0,3988676
-0,01899515|-0,2300009|0,4086181
-0,0404803|-0,2197209|0,4308181
-0,05621513|-0,2153949|0,4536651
-0,0635884|-0,2152509|0,4643074
-0,01121401|-0,229923|0,4098398
-0,0231286|-0,1962337|0,4420726
-0,03937511|-0,1889373|0,4705091
-0,04872882|-0,196677|0,4841664
-0,05405493|-0,2055946|0,4898321
-0,005960903|-0,2315562|0,4115687
-0,00896264|-0,2007279|0,4455748
-0,02640205|-0,2071789|0,478139
-0,03478388|-0,2255458|0,4730334
-0,03683396|-0,2336839|0,4628073
0,0004620386|-0,2335122|0,414495
-0,0001698764|-0,2106935|0,4493264
-0,01274227|-0,2190746|0,4752837
-0,01994645|-0,2318731|0,4634311
-0,02034723|-0,2351878|0,4481543
0,004684708|-0,2375655|0,4160754
0,01012298|-0,2204366|0,4540348
0,002559278|-0,223629|0,4679093
-0,006700051|-0,2326064|0,4637541
-0,01197406|-0,2356435|0,453645
#END#
#START#
-0,0007735085|-0,06024948|0,4864041
-0,004621073|-0,09589645|0,4783019
-0,01750735|-0,08345339|0,4798904
-0,03675894|-0,06476032|0,4954053
-0,04640599|-0,04998193|0,5166546
-0,0414852|-0,046747|0,5268194
-0,01008742|-0,08256534|0,4801378
-0,01880658|-0,03425713|0,4817571
-0,02059365|0,004135721|0,4844834
-0,02229239|0,0228071|0,4874523
-0,02301105|0,03406398|0,489671
-0,004863502|-0,08278262|0,4821367
-0,004371158|-0,03690816|0,4860718
-0,01592187|-0,02035317|0,5159832
-0,02337037|-0,03995913|0,5209548
-0,02531886|-0,05203343|0,5158703
0,001645618|-0,08244251|0,4851218
0,004931346|-0,04255715|0,494596
-0,003979388|-0,03234204|0,5212069
-0,01201307|-0,04934945|0,5198523
-0,0143723|-0,06154263|0,5105038
0,006114468|-0,08459711|0,4885916
0,01558188|-0,04751776|0,5037713
0,008744919|-0,04234219|0,5175141
-0,0007835843|-0,05174553|0,5202257
-0,007302031|-0,06021938|0,5154086
#END#
#START#
-0,009344678|-0,05013065|0,6139933
-0,007519645|-0,08348147|0,5917927
-0,0243892|-0,07378569|0,6036603
-0,04856091|-0,06200511|0,6169228
-0,05736352|-0,04738116|0,6360758
-0,05563704|-0,04334988|0,6474657
-0,01678199|-0,07103662|0,6019688
-0,03223261|-0,03157994|0,6250159
-0,03711319|0,006727443|0,6377235
-0,04033047|0,02549953|0,6406431
-0,04159218|0,03686679|0,640937
-0,01079646|-0,07011767|0,6016837
-0,01698292|-0,03058957|0,6236908
-0,01670518|-0,02630528|0,6607459
-0,01896746|-0,04595224|0,667173
-0,02152925|-0,05847779|0,6640998
-0,003254198|-0,06870636|0,6020809
-0,00437761|-0,03594774|0,625765
-0,003768268|-0,04063137|0,6551238
-0,008584319|-0,05697247|0,6470926
-0,01215873|-0,06472684|0,634196
0,002574087|-0,07036274|0,6029169
0,009397912|-0,04013766|0,6288831
0,006318825|-0,04457199|0,6443932
0,0008079746|-0,05705714|0,6427395
-0,004608106|-0,06498475|0,6361429
#END#
#START#
-0,2977667|0,004030789|0,5153438
-0,285788|-0,03122665|0,5029823
-0,3042811|-0,02110709|0,5008165
-0,3323824|-0,007956183|0,5029147
-0,3533726|0,004840366|0,5143547
-0,360743|0,009248664|0,5233819
-0,2973847|-0,01850709|0,5038146
-0,3206768|0,02415903|0,5070378
-0,3305992|0,06261429|0,5112574
-0,3355046|0,08129824|0,5123113
-0,3391098|0,09209446|0,5143175
-0,2928377|-0,01761543|0,5073321
-0,3080836|0,02508477|0,5157583
-0,3308483|0,03590006|0,5426769
-0,3375286|0,01658835|0,547174
-0,3370604|0,004138964|0,5426707
-0,2875312|-0,01610405|0,5122985
-0,3003664|0,02057133|0,5263208
-0,3189195|0,02366687|0,5496718
-0,322038|0,005509265|0,5456508
-0,3187029|-0,00575805|0,5354318
-0,2837647|-0,01762758|0,5168484
-0,2917544|0,01690971|0,5378658
-0,303942|0,01739858|0,5493125
-0,3110394|0,005756196|0,5490721
-0,3137499|-0,003542322|0,5424917
#END#
#START#
-0,3453643|-0,05947364|0,5016891
-0,3303477|-0,09198585|0,4861444
-0,3490871|-0,08277967|0,4833095
-0,3775941|-0,07192388|0,4817291
-0,4001657|-0,06172287|0,4915765
-0,4078129|-0,05914323|0,5008538
-0,3427244|-0,08025011|0,4874331
-0,368679|-0,03952305|0,4938964
-0,3819914|-0,00269542|0,5021614
-0,3874024|0,01571545|0,5040863
-0,3898219|0,02686388|0,5052141
-0,3385355|-0,07960654|0,4915004
-0,3569946|-0,038945|0,5038482
-0,3827437|-0,03086225|0,5295555
-0,3902137|-0,04998184|0,5327851
-0,3899824|-0,06240707|0,5283024
-0,3337464|-0,07849502|0,4971465
-0,3499649|-0,04456789|0,5144105
-0,3706103|-0,0451461|0,5359665
-0,3715579|-0,06262245|0,5289257
-0,3660759|-0,07173615|0,5175378
-0,3303092|-0,08041139|0,5018019
-0,3422292|-0,04949507|0,5260799
-0,3551745|-0,05147367|0,5357673
-0,3602133|-0,06356663|0,5318913
-0,3603594|-0,07132929|0,5231013
#END#
#START#
-0,1522852|-0,05635285|0,5874401
-0,1439349|-0,08920846|0,5678291
-0,1623785|-0,08000696|0,5724567
-0,1886362|-0,06860335|0,5841137
-0,2038433|-0,05750893|0,6032971
-0,2063241|-0,05447304|0,6149517
-0,1549329|-0,07742774|0,5736038
-0,1770179|-0,03665664|0,5886191
-0,1866832|0,000521736|0,5996243
-0,1913297|0,01887354|0,6031902
-0,1935136|0,02994676|0,6052528
-0,1495698|-0,07672226|0,5757446
-0,1624916|-0,03565175|0,5935435
-0,1769491|-0,02493234|0,6262304
-0,1826845|-0,04361291|0,6332428
-0,1840082|-0,05624557|0,6295391
-0,1430703|-0,07552374|0,5791146
-0,1519664|-0,04073941|0,6010126
-0,1629744|-0,03814243|0,628786
-0,1674397|-0,05622115|0,6258485
-0,1675063|-0,06754074|0,6151672
-0,1381225|-0,0773532|0,5821688
-0,1401291|-0,04531566|0,6088293
-0,1481481|-0,04498667|0,6235121
-0,155158|-0,05650638|0,6255018
-0,1600393|-0,06564848|0,6200567
#END#
#START#
-0,08618561|-0,1039448|0,5743579
-0,07870942|-0,1349763|0,5506039
-0,09712824|-0,1266992|0,5583418
-0,1227715|-0,1172867|0,5728936
-0,1373242|-0,1083875|0,593641
-0,139632|-0,1063813|0,6056101
-0,08964659|-0,1238518|0,5588778
-0,1113853|-0,0859675|0,5803065
-0,1218649|-0,05139786|0,5967114
-0,1272098|-0,03424755|0,6035112
-0,1298382|-0,02380029|0,6074576
-0,08404578|-0,1230248|0,5604019
-0,09643016|-0,08452883|0,5835451
-0,1075463|-0,07726894|0,618676
-0,111723|-0,09636173|0,6253521
-0,1130312|-0,1088569|0,6212113
-0,07717825|-0,1217766|0,5630518
-0,08483418|-0,08962098|0,58921
-0,09242225|-0,08962765|0,6181541
-0,09626858|-0,1075853|0,6138753
-0,09697946|-0,1177376|0,6020903
-0,07180977|-0,1236132|0,5652988
-0,07194803|-0,09420735|0,5950569
-0,07816307|-0,09529286|0,6104086
-0,084236|-0,1074229|0,6117242
-0,08907519|-0,1162122|0,6056741
#END#
#START#
-0,03210022|-0,3032132|0,5406319
-0,0274935|-0,3235902|0,5081539
-0,04439421|-0,3196841|0,5191841
-0,06785478|-0,3180172|0,5393465
-0,07994898|-0,3190216|0,5634941
-0,07963875|-0,3218423|0,5753604
-0,03702393|-0,3169368|0,5200322
-0,05663495|-0,288755|0,5546516
-0,06555873|-0,2626273|0,5829874
-0,07026608|-0,2492715|0,595943
-0,07253262|-0,2410435|0,6036109
-0,0313691|-0,3165658|0,5212938
-0,04142444|-0,2883628|0,5565827
-0,04917273|-0,2970426|0,5916833
-0,05213075|-0,3173668|0,5877183
-0,05333651|-0,325832|0,577592
-0,024367|-0,3160989|0,5236481
-0,0293886|-0,2948263|0,5589653
-0,03434295|-0,3072902|0,5858088
-0,03864672|-0,3220931|0,5749502
-0,04049623|-0,3265859|0,560154
-0,01883578|-0,3184083|0,5246909
-0,01602991|-0,3006781|0,5620804
-0,02066507|-0,3079806|0,576221
-0,02680215|-0,3198335|0,573464
-0,03238903|-0,3257949|0,5650672
#END#
#START#
-0,01586799|-0,03562301|0,5644747
-0,0152691|-0,06854813|0,5463545
-0,03077907|-0,05931782|0,5551633
-0,05254631|-0,04556394|0,5728747
-0,06381492|-0,033377|0,5943509
-0,06329504|-0,02985259|0,6060361
-0,02322015|-0,05707625|0,5540048
-0,03860465|-0,01431232|0,5714822
-0,04466188|0,02282085|0,5831001
-0,04814929|0,04076448|0,5891477
-0,05013529|0,05083935|0,5944862
-0,01740929|-0,05659375|0,5544889
-0,02327582|-0,01399007|0,5719395
-0,02817382|-0,0026382|0,6068514
-0,03193088|-0,02187732|0,6141227
-0,03418522|-0,0341918|0,6097373
-0,01015505|-0,05556159|0,5557599
-0,01125178|-0,01948401|0,5763019
-0,0140334|-0,01705073|0,6059995
-0,0195791|-0,03488824|0,6033799
-0,0226901|-0,04540435|0,5923073
-0,004623256|-0,05742548|0,5574178
0,002044168|-0,02442212|0,5809273
-0,001806019|-0,02500671|0,5968246
-0,008576145|-0,0367227|0,598528
-0,01465554|-0,04490464|0,5927145
#END#
#START#
-0,007681575|0,1224583|0,5285002
-0,005838616|0,08410526|0,5198668
-0,02243332|0,09660316|0,526223
-0,046353|0,112838|0,535643
-0,0578717|0,1316136|0,5501149
-0,05882225|0,1391703|0,5598875
-0,01479307|0,09862775|0,5243238
-0,03080175|0,1439419|0,5302145
-0,03650913|0,1827162|0,5335107
-0,03973445|0,2015116|0,5349807
-0,04117372|0,212874|0,5357569
-0,008867755|0,09940156|0,524328
-0,01548103|0,1443712|0,5298467
-0,01865978|0,1611196|0,5624696
-0,02171348|0,1432198|0,5731186
-0,02398099|0,1302624|0,5719811
-0,001454119|0,1009003|0,5249
-0,003208905|0,1403975|0,5348573
-0,005166793|0,1479612|0,5635915
-0,009864202|0,1297171|0,5626919
-0,01257235|0,117747|0,5531597
0,004215567|0,09965563|0,5267624
0,01034475|0,1377787|0,5402768
0,006726038|0,1409462|0,5557287
0,0006018325|0,12937|0,5597718
-0,00500516|0,1196597|0,5564405
#END#
#START#
0,215039|0,03093648|0,4875782
0,2078267|-0,001073324|0,4768036
0,1988907|0,006279627|0,4895302
0,1905983|0,02130789|0,5158324
0,1930238|0,03501111|0,5393984
0,1981344|0,03973754|0,5497759
0,2045255|0,008471673|0,4844184
0,1985595|0,0523379|0,5048534
0,1989085|0,09054807|0,5151286
0,1983437|0,1091186|0,5197375
0,1982869|0,1203903|0,5218444
0,2096806|0,008903314|0,4817187
0,2118718|0,05293565|0,4972279
0,2255753|0,06822671|0,528006
0,2272289|0,04999622|0,538033
0,2235192|0,03732956|0,5365567
0,2164345|0,01007811|0,4789616
0,2247303|0,04814113|0,4950868
0,2377163|0,05473129|0,5212231
0,2331026|0,03669939|0,5242836
0,2254681|0,02466556|0,5179597
0,2220989|0,008445233|0,4776582
0,2387678|0,04380263|0,4920929
0,2444069|0,04631331|0,5070109
0,2409033|0,03527197|0,5141194
0,2332143|0,02637876|0,5137983
#END#
#START#
-0,009889886|-0,027854|0,5616605
-0,006475364|-0,06301556|0,5441392
-0,02332141|-0,05298036|0,5536407
-0,04567733|-0,03825722|0,5700793
-0,05639387|-0,02293189|0,5896783
-0,05890069|-0,01729774|0,6007515
-0,01582506|-0,05037971|0,5519696
-0,03397015|-0,008437983|0,5681535
-0,04193004|0,02914723|0,5781997
-0,04644692|0,04750082|0,5825011
-0,0490251|0,05775113|0,5872897
-0,01000983|-0,04942904|0,5521637
-0,01873914|-0,006504561|0,5682492
-0,02389641|0,009788728|0,6018835
-0,02641942|-0,006791073|0,6136553
-0,02810683|-0,01986994|0,6119329
-0,002753525|-0,04784775|0,553093
-0,006230469|-0,01054845|0,5726926
-0,008851617|-0,003794297|0,6017126
-0,01277606|-0,02225655|0,6018816
-0,01495986|-0,03386238|0,5915802
0,002961399|-0,0492553|0,5546682
0,007545823|-0,01393754|0,5769866
0,003948659|-0,0110831|0,5926768
-0,001383009|-0,02300789|0,5962571
-0,006418235|-0,03223825|0,5908974
#END#
#START#
-0,01900784|-0,05004228|0,515578
-0,01346026|-0,08202121|0,4956104
-0,02917655|-0,06947316|0,4967934
-0,05361229|-0,0501454|0,5105543
-0,07557066|-0,03801257|0,5245177
-0,08748465|-0,03381914|0,5289136
-0,02202456|-0,06901488|0,4997923
-0,03765451|-0,02453833|0,5117211
-0,04738206|0,01282856|0,5200749
-0,05109935|0,03178749|0,5224846
-0,05417324|0,04262189|0,5250648
-0,01771965|-0,06987344|0,5033979
-0,02576282|-0,02765204|0,5207742
-0,0520679|-0,01633125|0,5472754
-0,06499414|-0,03096632|0,5524665
-0,06927215|-0,04310756|0,5496829
-0,01266326|-0,07056649|0,5085171
-0,01967365|-0,03543693|0,5303798
-0,04054673|-0,03098808|0,5526815
-0,05017343|-0,04697499|0,5500908
-0,05139596|-0,05940537|0,5407922
-0,009548236|-0,07370261|0,5126688
-0,01249537|-0,04274727|0,5410953
-0,02598114|-0,03973731|0,5527744
-0,03631075|-0,04860717|0,552914
-0,04167705|-0,05651367|0,5461283
#END#
#START#
-0,1160081|-0,05996596|0,4506803
-0,1029645|-0,09209061|0,4328943
-0,1221338|-0,08302898|0,4341108
-0,1500759|-0,0680375|0,4446356
-0,1724899|-0,0571827|0,458086
-0,1839066|-0,05399223|0,4638897
-0,1149845|-0,08059766|0,4366232
-0,1406134|-0,04052569|0,4460284
-0,1567931|-0,004800545|0,4527989
-0,163932|0,01327318|0,4540985
-0,1687756|0,02356697|0,4560938
-0,1102957|-0,0799757|0,4399336
-0,1279339|-0,03943704|0,4544065
-0,1538699|-0,02981265|0,4811147
-0,1616657|-0,04741139|0,487858
-0,1618218|-0,0603794|0,4852411
-0,1048204|-0,07888166|0,4446869
-0,119585|-0,0444781|0,4641664
-0,1393618|-0,04199049|0,4872329
-0,1432965|-0,06032823|0,4852542
-0,1400559|-0,07228141|0,4757016
-0,1007802|-0,08072721|0,4488361
-0,1102275|-0,04880258|0,4747734
-0,123371|-0,04790599|0,486732
-0,1303807|-0,05947769|0,4873497
-0,132615|-0,06875844|0,4804657
#END#
#START#
0,03717193|-0,05755398|0,462606
0,03634582|-0,09270223|0,4457246
0,02216709|-0,08263819|0,4571181
0,00500231|-0,06815524|0,4795453
-0,002220341|-0,05534101|0,5028851
-0,002453105|-0,05086614|0,514677
0,02917545|-0,08019017|0,4543625
0,01501571|-0,03725851|0,4725052
0,01102886|-0,001110466|0,4862207
0,008821297|0,01624319|0,4938506
0,007961618|0,02657527|0,4988339
0,03488048|-0,07941078|0,4537599
0,03013468|-0,035888|0,4701623
0,03110462|-0,02029148|0,5035998
0,02975179|-0,03878569|0,5131588
0,02728128|-0,05138691|0,5096247
0,04212246|-0,07801979|0,4536594
0,04320307|-0,03954779|0,4727997
0,04597696|-0,02923756|0,5007853
0,04157953|-0,04713333|0,5048359
0,03714661|-0,06030083|0,4976573
0,0479558|-0,07959797|0,4543608
0,05776213|-0,04307619|0,4743272
0,05880385|-0,03621411|0,489866
0,05512106|-0,04450613|0,4999156
0,04844272|-0,05412362|0,5011446
#END#
#START#
0,04682408|-0,0748123|0,4393181
0,04573792|-0,1088206|0,4201095
0,03173006|-0,09924737|0,4318371
0,01627138|-0,08555684|0,4563887
0,01119831|-0,07379331|0,4811323
0,01122834|-0,06992928|0,4932235
0,03875222|-0,09678125|0,4294137
0,02417302|-0,05496106|0,4500064
0,01713392|-0,01826953|0,4622888
0,0133682|-0,000430047|0,4679346
0,0116642|0,01057103|0,4706535
0,04442871|-0,09609151|0,429158
0,03976037|-0,05325134|0,4486765
0,04147749|-0,03669544|0,4806825
0,0390771|-0,05576957|0,4897296
0,03611702|-0,06832813|0,4866663
0,051603|-0,09486839|0,4295209
0,05372065|-0,05614183|0,451483
0,06187883|-0,04103522|0,4765546
0,05831974|-0,0531825|0,4903971
0,05280013|-0,06657917|0,4955528
0,05735718|-0,09661164|0,4303921
0,06892505|-0,06026137|0,4498789
0,08129635|-0,04289034|0,4556924
0,09086268|-0,03209109|0,4604276
0,09708308|-0,02387|0,4653712
#END#
#START#
-0,02329089|-0,06565049|0,453715
-0,03106102|-0,08588938|0,4225875
-0,03668448|-0,0678963|0,4281555
-0,0509075|-0,04572444|0,4477253
-0,06533282|-0,03190977|0,4680485
-0,07354639|-0,02496238|0,4758244
-0,03163688|-0,07263677|0,4312742
-0,02270288|-0,0344932|0,4607936
-0,004884896|-0,007172512|0,4845907
0,005192418|0,00623495|0,4943345
0,01096367|0,01393818|0,5006337
-0,02973868|-0,0769272|0,4343029
-0,01722579|-0,04684226|0,4681454
-0,03251474|-0,03095567|0,5002183
-0,05250635|-0,03287071|0,5027781
-0,06460328|-0,03602203|0,4990412
-0,02757394|-0,08203748|0,4388206
-0,01967609|-0,05971556|0,4731456
-0,03944668|-0,05344277|0,4951162
-0,05300162|-0,05835005|0,4830346
-0,05686432|-0,06264597|0,4686875
-0,02793184|-0,08755854|0,4413299
-0,02177079|-0,07312343|0,4788947
-0,03594696|-0,0686051|0,4866476
-0,04465697|-0,07052|0,4763826
-0,04437609|-0,07123832|0,4646076
#END#
#START#
-0,02431533|-0,06638574|0,4599483
-0,008190556|-0,08791686|0,4320458
-0,003355561|-0,0694117|0,439739
-0,005023205|-0,03891513|0,4503495
-0,01651541|-0,01487181|0,4587179
-0,02409141|-0,004927864|0,460449
-0,00876268|-0,0746808|0,441902
-0,01305264|-0,04347083|0,4791418
-0,01358245|-0,02793933|0,5154987
-0,01439224|-0,01871493|0,5322495
-0,01581837|-0,01163657|0,5413114
-0,01371877|-0,07754163|0,4420073
-0,02647502|-0,05148947|0,4796997
-0,04312788|-0,0218583|0,4914199
-0,0408225|-0,01806246|0,4709323
-0,03306542|-0,02575149|0,4629157
-0,02034696|-0,08049577|0,4423452
-0,03895834|-0,0556403|0,4748007
-0,05644922|-0,03297649|0,4844826
-0,05448152|-0,024186|0,4679305
-0,04540379|-0,0272662|0,4553885
-0,02542556|-0,08271784|0,4398858
-0,05128685|-0,06311833|0,4693406
-0,06592074|-0,05205619|0,4822038
-0,0774957|-0,04376841|0,4876888
-0,0838244|-0,03414751|0,488173
#END#
#START#
-0,02837377|-0,09313402|0,4741706
-0,01382289|-0,1095601|0,4422051
-0,004919735|-0,09507484|0,4543027
0,01228708|-0,07483271|0,4741733
0,03245318|-0,05759051|0,4861526
0,04310753|-0,05025439|0,4897274
-0,01210263|-0,09886875|0,4549988
-0,01505702|-0,07718737|0,4987713
-0,01221643|-0,07277773|0,5383062
-0,01053235|-0,0707529|0,5574978
-0,0101162|-0,06725216|0,5685576
-0,01780974|-0,1009481|0,4542238
-0,0298396|-0,08411809|0,4995794
-0,03895928|-0,07724357|0,5419326
-0,04353718|-0,07073226|0,5600368
-0,04655775|-0,06271471|0,5696726
-0,02525148|-0,1029537|0,4535983
-0,04337147|-0,08581093|0,4945563
-0,05711558|-0,08101244|0,5243125
-0,06561465|-0,07124389|0,5377443
-0,07189119|-0,06031247|0,5459433
-0,03043308|-0,1037225|0,4505349
-0,05535635|-0,08949661|0,4829658
-0,07195947|-0,08675729|0,4983535
-0,08436072|-0,08532066|0,5074294
-0,09301851|-0,08222109|0,5142294
#END#
#START#
-0,02478106|-0,06811389|0,4488957
-0,03414573|-0,09403955|0,4217782
-0,0393417|-0,07597098|0,4247395
-0,05430291|-0,05345248|0,441083
-0,06541122|-0,04103355|0,4639966
-0,07056574|-0,03756327|0,4750983
-0,03416839|-0,07972123|0,4283961
-0,02462614|-0,03614612|0,449788
-0,01201084|-0,002733061|0,4658791
-0,004518877|0,01375733|0,4726875
-0,0003302348|0,02342585|0,4773076
-0,03217448|-0,08324248|0,4321385
-0,01654708|-0,04583624|0,4599259
-0,001904292|-0,01647291|0,4885364
0,003930036|-0,00312703|0,5016202
0,007652682|0,005528895|0,5102655
-0,02986399|-0,08726736|0,4374475
-0,01883714|-0,05712215|0,4686734
-0,0257312|-0,04197392|0,4950927
-0,04319024|-0,03999373|0,5005294
-0,05796066|-0,03951631|0,5025729
-0,0300484|-0,09219122|0,4409731
-0,01971527|-0,06982885|0,4764847
-0,02595584|-0,05855676|0,4938737
-0,03200299|-0,05325558|0,505409
-0,03689027|-0,04794399|0,5142737
#END#
#START#
-0,02037469|-0,0758122|0,4695591
-0,007783948|-0,09758144|0,4392872
-0,005034934|-0,07963659|0,4458423
-0,02046998|-0,05235041|0,454869
-0,04356481|-0,03768795|0,4657906
-0,05498468|-0,03494869|0,4697974
-0,008276561|-0,08476116|0,4492282
-0,007882323|-0,05106717|0,485713
-0,00231688|-0,03467255|0,5203273
-0,001750925|-0,02382723|0,5358148
-0,002419634|-0,01636311|0,5446073
-0,01264285|-0,08759265|0,4503544
-0,01955254|-0,06132495|0,4923086
-0,0212477|-0,05262899|0,534623
-0,02536391|-0,04422057|0,5517825
-0,02896112|-0,03732799|0,5619867
-0,0185777|-0,09057927|0,4520074
-0,03322109|-0,06704102|0,490495
-0,04645032|-0,05818875|0,5192314
-0,05673588|-0,04832798|0,5307578
-0,06512223|-0,0397677|0,5393226
-0,023794|-0,09337527|0,4506905
-0,04520454|-0,07340233|0,4822648
-0,0577134|-0,05818646|0,4888192
-0,06712064|-0,04736418|0,4888055
-0,0727878|-0,03762529|0,4867329
#END#
#START#
-0,03460522|-0,09386742|0,4674357
-0,03341323|-0,1287938|0,4493277
-0,04930941|-0,1180517|0,458055
-0,07019757|-0,1026919|0,4757892
-0,07912344|-0,08796038|0,4968863
-0,08199202|-0,08261787|0,508187
-0,04169226|-0,115976|0,4568942
-0,05764328|-0,0725156|0,472951
-0,06709033|-0,03536424|0,4807361
-0,0718541|-0,01706113|0,4838164
-0,07411556|-0,005926969|0,4853867
-0,03592677|-0,1154977|0,4575508
-0,0414598|-0,06930258|0,4733422
-0,03881632|-0,02758711|0,4854626
-0,03777594|-0,008719297|0,490835
-0,03700877|0,003530264|0,49442
-0,02875295|-0,1145131|0,4590439
-0,02901707|-0,073741|0,479528
-0,02506654|-0,05252573|0,502458
-0,02860906|-0,05391412|0,5204261
-0,03238966|-0,05704257|0,5344648
-0,023303|-0,1164048|0,4609582
-0,01634753|-0,08066253|0,4837897
-0,01714692|-0,07133305|0,5016306
-0,01852874|-0,06973975|0,5153932
-0,02130061|-0,06903199|0,5264672
#END#
#START#
-0,0185481|-0,09081488|0,4709083
-0,02034747|-0,1250462|0,4532032
-0,03479898|-0,113548|0,4613023
-0,0527277|-0,09769712|0,4821402
-0,06040569|-0,08502675|0,5056115
-0,06032969|-0,08122692|0,5174859
-0,0272483|-0,1120661|0,4602287
-0,03922307|-0,06728996|0,4761006
-0,03825557|-0,02781416|0,4840423
-0,03825048|-0,008629674|0,4859416
-0,03768696|0,002794836|0,4868354
-0,02161155|-0,1121074|0,461031
-0,0239168|-0,0679077|0,4774283
-0,02735651|-0,04893442|0,5093417
-0,03372585|-0,06495916|0,5208166
-0,03770952|-0,07751217|0,5190405
-0,01454248|-0,1117484|0,4627062
-0,01258661|-0,07357807|0,4829322
-0,01497471|-0,06265657|0,5107181
-0,0225712|-0,07968587|0,5136204
-0,02682742|-0,09215389|0,5051233
-0,009316211|-0,1141415|0,4646832
0,0001179162|-0,07966468|0,4878377
-0,003193467|-0,07415766|0,5037275
-0,01063817|-0,08317832|0,5104663
-0,01800256|-0,09194256|0,5076251
#END#
#START#
-0,005067621|0,05074794|0,4370824
-0,002789509|0,01506708|0,4490293
-0,01823943|0,0262724|0,4458043
-0,03727253|0,05272509|0,4482782
-0,04707353|0,0785348|0,4550317
-0,05051157|0,08987118|0,4598899
-0,0107913|0,02742119|0,4445431
-0,0277318|0,06754871|0,4219169
-0,03216447|0,09750029|0,3964246
-0,03490555|0,112419|0,3850367
-0,03585818|0,1212991|0,3778481
-0,005468118|0,02879429|0,4457124
-0,01257051|0,07122709|0,4243525
-0,01915022|0,1082173|0,4257463
-0,0276522|0,1100711|0,4442435
-0,03228306|0,1020893|0,45381
0,001049299|0,03128849|0,4472991
-0,00147456|0,07411887|0,4325461
-0,003365609|0,1044799|0,4351573
-0,01277574|0,106069|0,4514057
-0,02013832|0,09769625|0,4622934
0,005888231|0,03190732|0,4508847
0,01115333|0,07415015|0,4410463
0,01136722|0,09357235|0,4414372
0,007389198|0,104141|0,4498963
-0,0004256006|0,1065683|0,4582188
#END#
#START#
-0,003651849|0,01287674|0,413288
0,01353796|-0,01902664|0,4292127
0,02122148|-0,001872993|0,4179544
0,03049294|0,02140415|0,4002729
0,01974948|0,0369236|0,3829629
0,009772141|0,03419778|0,3776472
0,01377216|-0,003444269|0,4207863
0,007119004|0,04114736|0,40489
0,004809982|0,06023002|0,3777626
0,005316664|0,05933179|0,3596103
0,005959827|0,05674924|0,3483173
0,008288368|-0,005550496|0,4213176
-0,007151907|0,03560553|0,4066669
-0,01244642|0,04856931|0,3736891
-0,001521651|0,03060471|0,3691847
0,005247492|0,02157077|0,376313
0,001195872|-0,007840922|0,421329
-0,01717987|0,02612313|0,4034311
-0,02516994|0,0323625|0,3760263
-0,01151809|0,01930804|0,3766839
-0,002481109|0,01273758|0,3877173
-0,003200477|-0,01191066|0,4203058
-0,02834016|0,01582229|0,4014367
-0,03310518|0,0191128|0,3871948
-0,02469808|0,01368339|0,3781002
-0,01367054|0,009538178|0,3778867
#END#
#START#
-0,02106586|-0,02597016|0,4067185
-0,01969595|-0,06744954|0,3843321
-0,02606251|-0,04361106|0,3721712
-0,0240128|-0,008079961|0,3508746
-0,02373972|0,02049949|0,3421698
-0,02028478|0,03491234|0,3304037
-0,02424009|-0,04622345|0,3826596
-0,01866694|0,01265645|0,392518
-0,02698626|0,05125402|0,406974
-0,03629675|0,07105988|0,4148676
-0,04175415|0,08269754|0,4206257
-0,02391348|-0,05013346|0,3900603
-0,01695552|0,005362345|0,4120712
-0,02783869|0,04964503|0,4298985
-0,034528|0,07148141|0,4391667
-0,03875976|0,08508064|0,4456061
-0,02389315|-0,05480013|0,3999554
-0,02207563|-0,003290647|0,4286146
-0,02536088|0,03300687|0,4483368
-0,03058139|0,0518697|0,4585003
-0,03293842|0,06606648|0,4669523
-0,02645459|-0,05934567|0,4068028
-0,02847953|-0,01693665|0,4418884
-0,02846371|0,006168612|0,4592584
-0,03043456|0,01776358|0,4707785
-0,03050207|0,02844443|0,4793383
#END#
#START#
0,0003314907|-0,04022274|0,4634961
-0,00538463|-0,07801204|0,4384858
-0,008809615|-0,05729347|0,4310008
-0,02756259|-0,0210236|0,4255914
-0,04537492|0,001390351|0,4420657
-0,04877526|0,0007464348|0,457774
-0,006439812|-0,05989078|0,4401202
0,007391885|-0,001848853|0,452706
-0,02146785|0,01651746|0,4605827
-0,03827016|0,00183769|0,4543719
-0,04283801|-0,01097257|0,4482936
-0,006542322|-0,06330344|0,446465
0,008220715|-0,01165396|0,4708866
-0,01417938|0,0251248|0,4886657
-0,03489469|0,03800816|0,4924836
-0,04847391|0,04547832|0,4948389
-0,006996294|-0,0673974|0,4551284
0,001443083|-0,02096202|0,485873
-0,01337884|0,01210048|0,5032079
-0,03246382|0,02300363|0,5039334
-0,04762205|0,03061739|0,504131
-0,009935578|-0,0720827|0,4617137
-0,007357705|-0,03257143|0,4985918
-0,01796644|-0,009700835|0,5096272
-0,03056371|0,0005926919|0,5135195
-0,04090502|0,009508243|0,5141791
#END#
#START#
-0,004463952|-0,04869911|0,4615488
0,007704477|-0,08157261|0,4315933
0,02021216|-0,06183526|0,4357803
0,03357254|-0,02318699|0,4365383
0,02114155|0,006508317|0,4393188
0,005971147|0,01203481|0,4406746
0,01133487|-0,06440997|0,4396073
0,0172149|-0,02046064|0,4819596
-4,213761E-05|0,01489203|0,4944284
-0,01053344|0,03520553|0,491252
-0,01779537|0,04713026|0,4892347
0,004418938|-0,06675501|0,4402143
-0,00149205|-0,02863299|0,4821958
-0,01474572|0,009483282|0,4740355
-0,009520356|0,006801402|0,4475958
-0,003070333|-0,00271693|0,4362395
-0,005024543|-0,06930123|0,4410087
-0,01860157|-0,0328832|0,4752755
-0,02768465|0,0003321229|0,4632635
-0,01817782|-0,007068247|0,4444438
-0,009379626|-0,01936581|0,4350792
-0,01310422|-0,0712231|0,4387081
-0,03620201|-0,03524356|0,4678168
-0,0406784|-0,01036868|0,4611481
-0,03807555|-0,001220393|0,4467512
-0,03192972|0,003340082|0,4352733
#END#
#START#
0,01554288|-0,0420784|0,4480796
0,0138926|-0,07060863|0,4123602
0,03315907|-0,05778198|0,4179599
0,06342003|-0,03195086|0,4240635
0,061481|-0,003065649|0,4341944
0,04568894|-0,001208033|0,4362422
0,02386443|-0,05751866|0,4222575
0,04720943|-0,02756846|0,4690283
0,05329489|0,00546959|0,4666495
0,0460763|0,002334748|0,4451768
0,04256046|-0,01049172|0,4369665
0,01633479|-0,0574227|0,423274
0,02673533|-0,02912394|0,4698811
0,03038058|0,008713607|0,4586115
0,02946911|-0,01140061|0,4384211
0,02910402|-0,02751092|0,4364875
0,006413551|-0,05670715|0,4247294
0,008749122|-0,02536832|0,4650799
0,01126011|0,009113225|0,4568538
0,01634606|-0,003875435|0,4393331
0,01925431|-0,01865155|0,4302301
-0,001893474|-0,05518939|0,42309
-0,009927711|-0,01986024|0,4619
-0,01028952|0,005151272|0,4686798
-0,009950483|0,02115196|0,4665402
-0,007908225|0,0346067|0,4653587
#END#
#START#
-0,04320179|-0,03183895|0,4434636
-0,03712849|-0,07677305|0,4367459
-0,05774256|-0,06675962|0,4385742
-0,09062497|-0,04744362|0,4551769
-0,1022311|-0,02629493|0,4771567
-0,1042665|-0,0152582|0,4900323
-0,04885231|-0,06259599|0,4396029
-0,07543994|-0,007940038|0,435426
-0,0929902|0,00971104|0,4607935
-0,09497976|-0,002632867|0,4802978
-0,09320556|-0,01509465|0,4881826
-0,04206567|-0,06138185|0,4418117
-0,05588171|-0,005361193|0,4412253
-0,07381304|0,01419389|0,4717938
-0,07607412|-0,01160853|0,4811486
-0,07326747|-0,02681467|0,4760799
-0,03322602|-0,05937152|0,4451942
-0,04018861|-0,005520036|0,4526239
-0,05227387|0,01627952|0,4793414
-0,06179851|0,000126674|0,4913724
-0,06695746|-0,01637175|0,4949655
-0,02614531|-0,05978242|0,4500685
-0,02231724|-0,006845403|0,4616249
-0,01734481|0,01923561|0,4664303
-0,01464582|0,03413516|0,4750433
-0,01523933|0,04560346|0,4824513
#END#
#START#
-0,04706107|-0,08363958|0,458282
-0,01113707|-0,1104957|0,4438371
-0,03102714|-0,1175804|0,4541032
-0,05880069|-0,1204138|0,4861522
-0,07356721|-0,1087347|0,5135663
-0,0808579|-0,1025548|0,5282711
-0,02853251|-0,1085129|0,4523264
-0,08678256|-0,09283067|0,4639851
-0,1102972|-0,08257025|0,4916664
-0,1090072|-0,08311192|0,5147115
-0,1059932|-0,08392559|0,5286503
-0,02483818|-0,1025657|0,4524224
-0,07545754|-0,07531609|0,4635954
-0,09438492|-0,06429408|0,4972123
-0,07710028|-0,08112753|0,510104
-0,06545652|-0,09213239|0,5077484
-0,020113|-0,09442935|0,453095
-0,0625245|-0,06131489|0,4689252
-0,07961976|-0,04500274|0,4968237
-0,07421955|-0,05592526|0,5153955
-0,06711472|-0,06773183|0,5261536
-0,01405594|-0,08872668|0,4553353
-0,0469118|-0,04862493|0,4697312
-0,06042255|-0,02359884|0,4677161
-0,06688534|-0,007037989|0,470106
-0,07335436|0,004407411|0,4738232
#END#
#START#
-0,02138592|-0,0414112|0,4730036
-0,0150353|-0,0827644|0,4552004
-0,03748677|-0,07344528|0,462046
-0,0721385|-0,05652738|0,4767814
-0,08150007|-0,0363223|0,499375
-0,07543534|-0,02871656|0,51252
-0,02787211|-0,06953671|0,463021
-0,05418832|-0,01656755|0,4741523
-0,06789394|0,0001201676|0,5028139
-0,06848209|-0,01433982|0,5206539
-0,06573003|-0,02926593|0,5232368
-0,02037759|-0,06869882|0,4644397
-0,03392575|-0,01609381|0,477475
-0,04749986|-0,01295613|0,5165716
-0,04830768|-0,04007974|0,5163794
-0,04603708|-0,05083084|0,5041869
-0,01060362|-0,06728675|0,4668959
-0,01756561|-0,02152384|0,4855833
-0,02939797|-0,02523318|0,5197339
-0,03181796|-0,0449885|0,5095237
-0,03018481|-0,05291986|0,4933329
-0,002944615|-0,06851617|0,4706424
-0,002361968|-0,02694744|0,4966842
-0,01225456|-0,03194724|0,5168875
-0,01740128|-0,04804867|0,5095677
-0,02012306|-0,05429266|0,4970357
#END#
#START#
-0,0163834|-0,05018355|0,4890018
-0,001428525|-0,08080453|0,4590994
0,008528898|-0,05949469|0,462508
0,02043935|-0,0211194|0,4633722
0,001411137|0,002368986|0,4689507
-0,01274863|-0,004921258|0,4707909
4,909905E-05|-0,06318403|0,4667354
0,002252694|-0,01896253|0,5076613
-0,008664647|0,0111128|0,4996476
-0,008880468|-0,003100242|0,4819411
-0,002711628|-0,01777661|0,4816802
-0,006590911|-0,0665627|0,4677227
-0,01483849|-0,03026813|0,5087628
-0,0293719|0,002505928|0,4919867
-0,01808764|-0,01908782|0,4773516
-0,01053094|-0,03226408|0,4838291
-0,01565494|-0,07050297|0,4690298
-0,03103086|-0,03767371|0,5022299
-0,04264293|-0,01053203|0,4826427
-0,02909006|-0,02655355|0,4745836
-0,01960817|-0,04111895|0,4796451
-0,02349878|-0,07350235|0,4671569
-0,04839698|-0,04216161|0,4940796
-0,05228763|-0,02612963|0,4797057
-0,03912515|-0,03740472|0,4722188
-0,0293808|-0,04691911|0,4769041
#END#
#START#
-0,08684696|-0,1583604|0,5416779
-0,07031587|-0,1739951|0,5022575
-0,06120967|-0,155193|0,5148328
-0,05286574|-0,1201789|0,5341792
-0,07302055|-0,1019704|0,5504091
-0,08850604|-0,1061126|0,5503181
-0,0695129|-0,1607786|0,5167044
-0,06947784|-0,137275|0,5721531
-0,08288823|-0,1070213|0,5784376
-0,0834486|-0,1071886|0,5556995
-0,07730678|-0,1178036|0,5457512
-0,07598453|-0,1644226|0,5159112
-0,08643337|-0,1480864|0,5681654
-0,1025993|-0,112207|0,5689399
-0,09033448|-0,1234853|0,5462486
-0,08233258|-0,1379846|0,5478982
-0,08488613|-0,1687516|0,5150873
-0,1024706|-0,1522183|0,5588049
-0,1157809|-0,1198301|0,5542331
-0,101507|-0,1282158|0,5391195
-0,09099454|-0,1429475|0,5370834
-0,09259809|-0,1708284|0,5118724
-0,1193934|-0,1536861|0,5487826
-0,1244793|-0,1330871|0,5431411
-0,1109257|-0,1368495|0,5311009
-0,09998366|-0,1463055|0,5307877
#END#
#START#
-0,07209018|-0,4115241|0,48239
-0,05332489|-0,4069763|0,4402971
-0,04560036|-0,3958385|0,4612614
-0,03807046|-0,3741887|0,4950266
-0,05899004|-0,3663148|0,5170482
-0,07407513|-0,3704704|0,5136265
-0,05379495|-0,4018552|0,4599358
-0,0564896|-0,4064435|0,5197904
-0,07158619|-0,3826211|0,5379297
-0,07026926|-0,374033|0,5170199
-0,06253245|-0,3806272|0,5047633
-0,06013413|-0,4049325|0,4572514
-0,07274523|-0,4146321|0,5103373
-0,0906685|-0,3826862|0,5248093
-0,07635815|-0,3821068|0,5004218
-0,0673463|-0,3947439|0,4946865
-0,06885719|-0,4086511|0,4540758
-0,08820426|-0,4144158|0,499295
-0,102734|-0,3833097|0,5077471
-0,08694303|-0,3837753|0,4918087
-0,07525412|-0,3950886|0,483817
-0,07636333|-0,4092004|0,4498959
-0,1048525|-0,4114816|0,488973
-0,1106613|-0,3904861|0,4923784
-0,09638018|-0,387267|0,4810072
-0,08453875|-0,3942042|0,4766832
#END#
#START#
0,008437709|0,1233147|0,4973108
0,03191996|0,08736784|0,4776087
0,0280627|0,108959|0,4661314
0,01645365|0,1433539|0,4450361
-0,01006721|0,1615074|0,4442384
-0,02066766|0,1552517|0,4555536
0,02427362|0,1058094|0,4754834
0,009238911|0,1646335|0,4891021
-0,01705042|0,1831326|0,4791128
-0,0206871|0,163247|0,4683371
-0,008596439|0,1515504|0,4688748
0,02128517|0,1014409|0,481268
0,001843236|0,1515988|0,504299
-0,03352968|0,1677069|0,4926001
-0,02513866|0,1465919|0,476712
-0,00891661|0,1426945|0,4816355
0,01678725|0,09588695|0,4888963
-0,009354193|0,1370401|0,5120055
-0,04201641|0,1490944|0,50104
-0,03437445|0,1363096|0,4842496
-0,01703546|0,1288824|0,4825929
0,01186312|0,08959343|0,4929553
-0,02118882|0,121584|0,5180736
-0,04142532|0,1278617|0,5109069
-0,0382933|0,1216614|0,4939125
-0,02556533|0,1195208|0,4864898
#END#
#START#
0,223881|-0,01205041|0,471251
0,2192306|-0,05346927|0,4500408
0,2044948|-0,04581794|0,468649
0,1866145|-0,03301072|0,5050306
0,1943298|-0,01617532|0,5322549
0,2072948|-0,00864286|0,5404797
0,212967|-0,04121257|0,4645109
0,1964344|0,01295568|0,4923564
0,1983088|0,05797867|0,5023937
0,1995004|0,08085135|0,5086629
0,2007272|0,09522691|0,5105836
0,2199731|-0,04002743|0,461562
0,2160165|0,01427026|0,4840927
0,230142|0,02666281|0,5214624
0,2318329|0,0009175348|0,5313676
0,2276583|-0,01463129|0,5264573
0,2295619|-0,03819723|0,4581774
0,2348689|0,008944414|0,4812217
0,2461238|0,008708981|0,5163794
0,2393716|-0,01285047|0,5137421
0,2316305|-0,02564805|0,5031614
0,2383567|-0,03926592|0,4567407
0,2539625|0,002871349|0,4807461
0,2583072|-0,001610044|0,5045857
0,2513197|-0,01892713|0,5053214
0,2416918|-0,02788958|0,4990619
#END#
#START#
-0,1301644|-0,08453603|0,4694979
-0,1117355|-0,1223854|0,4480795
-0,1357277|-0,1191576|0,4535079
-0,1720072|-0,1123191|0,4764614
-0,1858934|-0,09920143|0,5041013
-0,1894164|-0,09182139|0,5198967
-0,1277725|-0,1131242|0,4556511
-0,1688692|-0,06688979|0,4685878
-0,1835542|-0,02568096|0,4825149
-0,1915594|-0,004752493|0,4903993
-0,1949596|0,008888987|0,4941674
-0,1211439|-0,1107935|0,458023
-0,1492834|-0,06191397|0,4752595
-0,1653325|-0,05421513|0,5127332
-0,1644517|-0,08140711|0,5183226
-0,160733|-0,09524917|0,5093843
-0,11246|-0,1074897|0,4618145
-0,1324571|-0,06415796|0,4853965
-0,1472052|-0,0673928|0,5193951
-0,1468992|-0,08952048|0,5142505
-0,1435578|-0,102464|0,5016779
-0,1047667|-0,1073187|0,4664477
-0,1167304|-0,06710652|0,4972981
-0,128466|-0,0712504|0,5187035
-0,132086|-0,08938174|0,518055
-0,1344008|-0,1002354|0,5085914
#END#
#START#
-0,09060083|-0,2386975|0,3863342
-0,06714735|-0,2745977|0,3675016
-0,09013987|-0,2728151|0,3676001
-0,1289116|-0,2702789|0,387608
-0,1481117|-0,2622176|0,4144545
-0,1581327|-0,2580251|0,4290655
-0,08361443|-0,2667321|0,3717145
-0,1296909|-0,2232512|0,3779519
-0,1537163|-0,1880817|0,3891835
-0,167688|-0,1717384|0,3989379
-0,1748231|-0,160337|0,4045013
-0,07811569|-0,2644966|0,3757458
-0,1128099|-0,2168902|0,3898697
-0,1386895|-0,2058465|0,4195433
-0,1397193|-0,2325428|0,4273318
-0,1337586|-0,247058|0,4210984
-0,07106844|-0,2613398|0,3816952
-0,09839369|-0,2162273|0,4046497
-0,1174036|-0,2042945|0,4338732
-0,1253634|-0,2232457|0,4433939
-0,1282438|-0,2410372|0,4448071
-0,06470076|-0,2612969|0,3880104
-0,08076166|-0,2165425|0,4154314
-0,07989438|-0,1902822|0,425745
-0,08023383|-0,1764416|0,4382316
-0,08412515|-0,1682308|0,4489462
#END#
#START#
-0,02225052|-0,1757168|0,403845
0,0032559|-0,2002959|0,3710053
0,01164061|-0,1768968|0,3805758
0,03163105|-0,1443993|0,3994624
0,0427307|-0,1188881|0,4125814
0,05570993|-0,1066611|0,420375
0,002011759|-0,1820219|0,3821314
-0,01041245|-0,1451001|0,4310636
-0,0228926|-0,1156799|0,4582295
-0,03241452|-0,09621858|0,468092
-0,03925629|-0,0845482|0,4737603
-0,004863577|-0,1868896|0,3810886
-0,02870769|-0,1573704|0,4310772
-0,05074516|-0,1277791|0,4638772
-0,06306975|-0,1117639|0,4788855
-0,07149632|-0,1019939|0,4886081
-0,01425253|-0,1928284|0,379737
-0,0460523|-0,1652705|0,4237183
-0,06893049|-0,1445289|0,4522483
-0,08230899|-0,1310344|0,4642736
-0,09259506|-0,1223932|0,4748397
-0,02148848|-0,1964295|0,3758594
-0,05961721|-0,1749014|0,4104909
-0,07987258|-0,1646971|0,4281888
-0,09362845|-0,1588191|0,436349
-0,1036848|-0,1534947|0,4445538
#END#
#START#
0,2041849|-0,1364963|0,4440304
0,1824086|-0,1437332|0,4032287
0,2052914|-0,1325844|0,4053451
0,2421194|-0,1118676|0,4138229
0,2590639|-0,09410574|0,4341905
0,2680089|-0,0828722|0,4455281
0,1983143|-0,1357871|0,4128335
0,2451869|-0,1317163|0,4538336
0,265802|-0,115484|0,4862618
0,2728301|-0,09823567|0,5012259
0,2753907|-0,08625108|0,5095546
0,1916662|-0,1371468|0,4169204
0,2270885|-0,1350384|0,4647573
0,2404529|-0,1009765|0,4916389
0,2386452|-0,07500848|0,4887014
0,2355872|-0,06017887|0,4824104
0,1830185|-0,1384742|0,4227563
0,2089466|-0,1308377|0,4710196
0,2197962|-0,09723255|0,4904097
0,2182472|-0,07725545|0,480122
0,2157742|-0,06346206|0,4693766
0,1748377|-0,1371084|0,4261447
0,1910994|-0,1248069|0,4759187
0,2011732|-0,1009931|0,4855646
0,2017752|-0,08495878|0,4784953
0,2035196|-0,07428677|0,4694408
#END#
#START#
-0,06596409|-0,1093157|0,4583683
-0,04208382|-0,1283685|0,4216418
-0,03580097|-0,1062227|0,4328289
-0,02814254|-0,06764296|0,449807
-0,03555294|-0,03907249|0,4619773
-0,04061163|-0,0225276|0,4678872
-0,0443178|-0,1124121|0,4346819
-0,0542272|-0,08174528|0,4888304
-0,0681679|-0,05673626|0,5212226
-0,07719197|-0,04190473|0,5374653
-0,08345498|-0,0340331|0,5480252
-0,05053541|-0,1172627|0,4337666
-0,07147003|-0,09520411|0,4869881
-0,0998893|-0,06640809|0,5136188
-0,1156406|-0,04815713|0,5216221
-0,1258908|-0,03610152|0,5251586
-0,05917586|-0,1232502|0,4326277
-0,0869547|-0,1024254|0,4758009
-0,1115088|-0,07204984|0,4787422
-0,1111786|-0,056845|0,4621321
-0,1084556|-0,04705444|0,447679
-0,06645992|-0,1269188|0,4288982
-0,1009688|-0,1082823|0,4626742
-0,1125632|-0,08372878|0,4575159
-0,111813|-0,07100302|0,445546
-0,1071879|-0,06144259|0,4362852
#END#
#START#
-0,004973602|-0,08394771|0,4202165
-0,01078958|-0,1241354|0,3959396
-0,01663309|-0,1036642|0,3894779
-0,04196083|-0,06944558|0,3956454
-0,05489639|-0,05143814|0,4228795
-0,05702902|-0,04796989|0,4397445
-0,01273206|-0,1057233|0,3978221
-0,0007817008|-0,04338776|0,4074857
0,002804248|-0,002911415|0,4209515
0,0007589289|0,01895921|0,4296218
0,001198616|0,0320313|0,4360074
-0,01202422|-0,1088355|0,4040198
0,004114699|-0,05237178|0,4272468
0,009269089|-0,01062617|0,4506366
0,005605937|0,01068111|0,463551
0,003001156|0,02403774|0,4722966
-0,01138611|-0,1126545|0,4126982
-0,000819992|-0,06294201|0,4440344
-0,003820915|-0,02959159|0,4681761
-0,01424774|-0,01331974|0,4795223
-0,02115803|-0,0007344589|0,488947
-0,01322065|-0,1175536|0,4199764
-0,01023812|-0,07682748|0,4559318
-0,0257092|-0,05663443|0,4660695
-0,04219692|-0,050876|0,4668232
-0,05526818|-0,04685903|0,4635033
#END#
#START#
-0,01472449|-0,07711815|0,4787965
-0,005250935|-0,1213877|0,4616931
-0,02732988|-0,1131932|0,4707152
-0,05759552|-0,0956028|0,4973128
-0,06600093|-0,07588661|0,5226586
-0,07129215|-0,06575689|0,5370264
-0,01835684|-0,1082611|0,4703361
-0,05103341|-0,05490595|0,4811384
-0,06443571|-0,014575|0,4924392
-0,07147299|0,006473102|0,5007333
-0,07443415|0,02019967|0,5045622
-0,01113165|-0,1066076|0,4711772
-0,02976174|-0,04731666|0,482558
-0,03740863|7,669356E-05|0,494329
-0,04032159|0,02479167|0,4992061
-0,04147621|0,04061244|0,5022492
-0,001551999|-0,1041302|0,472883
-0,01055919|-0,0464292|0,4902711
-0,01201857|-0,006341693|0,5015843
-0,01232853|0,01495409|0,509148
-0,01178524|0,03160596|0,5129613
0,00678689|-0,1043753|0,476184
0,006852929|-0,05367753|0,4986939
0,005212986|-0,03120225|0,5153472
0,005297215|-0,02055286|0,5290693
0,003110033|-0,01237928|0,5402319
#END#
#START#
-0,01573326|-0,09035519|0,4597597
-0,01070847|-0,1351624|0,4472059
-0,03168905|-0,1243378|0,4545447
-0,05715094|-0,09777849|0,4788387
-0,05428357|-0,07123666|0,499126
-0,05423539|-0,05699934|0,5108534
-0,02219133|-0,120901|0,4537751
-0,04878896|-0,06352457|0,4582566
-0,04920812|-0,01734033|0,4606951
-0,04988913|0,006498838|0,4603133
-0,04883348|0,02092771|0,4587182
-0,01494441|-0,1202052|0,4547767
-0,0275731|-0,05869944|0,4600374
-0,03257034|-0,008425149|0,4638373
-0,03346587|0,01713218|0,46252
-0,03352096|0,03329162|0,4622495
-0,005309373|-0,1188221|0,4566958
-0,01082442|-0,06220234|0,4705361
-0,02039544|-0,03577811|0,4941794
-0,02773576|-0,050579|0,5097203
-0,03160581|-0,06722892|0,5158169
0,002788248|-0,1196832|0,4604531
0,004403849|-0,06934238|0,4813062
-0,008475105|-0,05849395|0,5016198
-0,01547947|-0,07334802|0,5099921
-0,02048622|-0,08676899|0,5074796
#END#
#START#
-0,002892288|-0,06907738|0,483159
0,006813397|-0,1134272|0,4693907
-0,01554549|-0,1051025|0,4773241
-0,0465299|-0,08576601|0,5005932
-0,04849821|-0,06096807|0,5221931
-0,04803355|-0,04787745|0,5346825
-0,006429396|-0,1003035|0,4767156
-0,03872912|-0,04609992|0,4830886
-0,04698342|-0,001075448|0,4874907
-0,05160143|0,02235119|0,4875417
-0,05295285|0,03678182|0,4862072
0,0008518821|-0,09869261|0,4775088
-0,01818477|-0,03908565|0,4843304
-0,03026056|0,009719959|0,4912964
-0,03482958|0,03480783|0,4916853
-0,03705144|0,05080239|0,4920419
0,01049203|-0,09616768|0,4791424
-0,0006294861|-0,04109126|0,4941221
-0,01226963|-0,01739701|0,5196437
-0,01709092|-0,0341795|0,5341229
-0,01869007|-0,05147935|0,5392531
0,0187775|-0,09619837|0,482587
0,01576134|-0,04667003|0,5042254
0,002848863|-0,03889459|0,525488
-0,001934495|-0,05514802|0,5328626
-0,005484527|-0,06891953|0,5301163
#END#
#START#
-0,01715445|-0,2105093|0,5117645
-0,009471834|-0,2484877|0,483826
-0,03137322|-0,2411903|0,4942329
-0,05851382|-0,2257314|0,5254957
-0,05840221|-0,2082377|0,554179
-0,05977743|-0,1993008|0,5702386
-0,02202591|-0,2373504|0,4950275
-0,05137648|-0,1862728|0,5184483
-0,05610584|-0,144683|0,5374175
-0,05884816|-0,1224677|0,5456655
-0,05899543|-0,1084241|0,5494873
-0,01484864|-0,2367457|0,4964599
-0,03042133|-0,1814332|0,52248
-0,03828073|-0,1356357|0,5427151
-0,04058291|-0,1111171|0,5501329
-0,0417853|-0,09605585|0,5559134
-0,005320753|-0,2357657|0,4990611
-0,01358342|-0,1872737|0,5316669
-0,02432795|-0,1689235|0,5617782
-0,03172989|-0,1869752|0,573329
-0,03548302|-0,2046825|0,5749995
0,002753875|-0,2376062|0,5025204
0,001884753|-0,1969862|0,539682
-0,01134066|-0,1916948|0,5622203
-0,01859253|-0,2076557|0,5676004
-0,02391336|-0,2201275|0,5623168
#END#
#START#
-0,1785935|-0,1089699|0,4723133
-0,1640244|-0,1504164|0,4546197
-0,1872084|-0,143134|0,4583846
-0,2202569|-0,1250522|0,4813834
-0,2262081|-0,1032845|0,5067895
-0,2298532|-0,09207171|0,5207782
-0,178606|-0,1385097|0,4603987
-0,2141621|-0,0862195|0,4667351
-0,2252912|-0,04335589|0,4777824
-0,2310941|-0,02067756|0,4822692
-0,2329054|-0,006353318|0,4841088
-0,1720827|-0,1371498|0,4632555
-0,194627|-0,07955636|0,4744517
-0,2072062|-0,03248032|0,4873286
-0,2115019|-0,00767332|0,4913721
-0,2135898|0,008091554|0,4942005
-0,1635763|-0,1350426|0,4676704
-0,1800748|-0,08298697|0,4880005
-0,1970817|-0,06290843|0,5137477
-0,2059463|-0,08030525|0,5252627
-0,2096187|-0,0977389|0,528463
-0,1564631|-0,135658|0,4731002
-0,166683|-0,09018645|0,5008362
-0,1843096|-0,08502325|0,5195049
-0,1912378|-0,1014391|0,5240663
-0,1943022|-0,1146024|0,5187202
#END#
#START#
-0,2491478|0,004023414|0,4100453
-0,2381094|-0,04020261|0,405743
-0,2584193|-0,03073741|0,3970139
-0,2962136|-0,01036443|0,394061
-0,3142734|0,01337394|0,4095615
-0,31651|0,02433333|0,4227096
-0,2509722|-0,02644271|0,4026708
-0,2740435|0,03008811|0,3869214
-0,2829048|0,07389504|0,3895557
-0,2897086|0,09625657|0,393192
-0,2919271|0,1104879|0,3952885
-0,2458903|-0,0253035|0,4080859
-0,2596726|0,03126317|0,4025045
-0,2900068|0,04887262|0,4250984
-0,2994026|0,02344084|0,4314805
-0,2963593|0,007403697|0,4274528
-0,2394978|-0,02335374|0,4156713
-0,2515873|0,02702479|0,4200909
-0,2817182|0,03182701|0,4414174
-0,2832536|0,009687641|0,4364175
-0,277067|-0,004995335|0,4274596
-0,2355085|-0,02382435|0,4236872
-0,2461526|0,022941|0,4390274
-0,2679957|0,02179264|0,4509735
-0,2726341|0,004275457|0,4462641
-0,2707722|-0,006155893|0,4363023
#END#
#START#
-0,03566475|-0,04516264|0,5620641
-0,03204456|-0,08655857|0,5443529
-0,05307828|-0,07746119|0,5522667
-0,08447942|-0,05995695|0,5740332
-0,08831707|-0,04002159|0,5989169
-0,08282366|-0,03099168|0,6124417
-0,04349492|-0,07361922|0,5526555
-0,06790808|-0,01863282|0,5644209
-0,07527912|0,02283207|0,5756844
-0,07917061|0,04470113|0,5819927
-0,08007561|0,05863534|0,5847366
-0,03602808|-0,0730269|0,5536259
-0,04704582|-0,01853108|0,5674815
-0,05655861|-0,005053879|0,6052744
-0,0609962|-0,02892914|0,6166236
-0,06184966|-0,04450491|0,6114517
-0,02616458|-0,07192817|0,5554654
-0,02990212|-0,0241589|0,5750617
-0,03969918|-0,02104985|0,6099417
-0,04508178|-0,04222976|0,6074853
-0,04660721|-0,05619838|0,5964845
-0,01812813|-0,07333773|0,5588009
-0,01376968|-0,03017174|0,5847268
-0,02177396|-0,02965323|0,6072824
-0,02971544|-0,04590836|0,608654
-0,03620182|-0,05603106|0,601224
#END#
#START#
0,006481484|-0,1692436|0,5238568
0,009301906|-0,2068349|0,4990998
-0,01055184|-0,1994019|0,5090082
-0,03813861|-0,1872548|0,53878
-0,04030443|-0,1737424|0,5683555
-0,03691401|-0,1670508|0,5841454
-0,001262327|-0,1956222|0,5096499
-0,0255104|-0,1435306|0,5318037
-0,03298251|-0,1061295|0,5522699
-0,03689563|-0,08650848|0,5637685
-0,03785377|-0,0736642|0,5698197
0,005984362|-0,1952086|0,5105779
-0,00459773|-0,1439578|0,5342096
-0,01368075|-0,1374019|0,5739603
-0,01771407|-0,1629815|0,5809339
-0,0185155|-0,1774776|0,5732586
0,01561694|-0,194452|0,5124061
0,01270428|-0,1508252|0,5402257
0,003330589|-0,1537443|0,5756527
-0,002308129|-0,174459|0,5709807
-0,004271635|-0,1869701|0,5583891
0,02373018|-0,1964425|0,5152159
0,02899672|-0,1585332|0,5482414
0,02115875|-0,1621259|0,5710238
0,01326314|-0,1783755|0,5699146
0,006622548|-0,1870153|0,5608811
#END#
#START#
-0,08638636|-0,1602249|0,4471251
-0,07186225|-0,1976673|0,4271099
-0,09491645|-0,1928539|0,4308093
-0,1312674|-0,1823774|0,4500903
-0,1422709|-0,1664542|0,4764033
-0,1421973|-0,1582062|0,4916322
-0,08656826|-0,1877928|0,4335489
-0,1221849|-0,1389263|0,4444954
-0,128529|-0,09909435|0,4634652
-0,1324771|-0,07904776|0,4741432
-0,1333425|-0,06602031|0,4798044
-0,07989272|-0,1863092|0,4362963
-0,1028951|-0,1364433|0,4522173
-0,1190637|-0,1291173|0,4883059
-0,121752|-0,1556117|0,4932274
-0,1196126|-0,1696801|0,4850418
-0,07122216|-0,1840904|0,4405254
-0,08723868|-0,1408846|0,4628803
-0,1038732|-0,1455136|0,4946065
-0,1046181|-0,1661263|0,4869272
-0,1013477|-0,1774551|0,4735595
-0,06400858|-0,1847472|0,4455518
-0,07321797|-0,1466362|0,4754459
-0,08680423|-0,1548841|0,4945796
-0,08970178|-0,1716564|0,4880023
-0,09056256|-0,1786036|0,4756249
#END#
#START#
-0,1643418|-0,09492545|0,6114103
-0,1575305|-0,1300165|0,5827896
-0,1789824|-0,1231184|0,5904616
-0,2115261|-0,1148267|0,6159047
-0,219273|-0,1056635|0,6461027
-0,2178267|-0,10135|0,6628643
-0,1699156|-0,119544|0,5930519
-0,19704|-0,06973548|0,617285
-0,2043116|-0,0336028|0,6398943
-0,2085479|-0,01587418|0,6539431
-0,2095988|-0,004079992|0,6618364
-0,1628778|-0,1192923|0,5951124
-0,1766667|-0,07093877|0,6225625
-0,1896231|-0,06945122|0,6611447
-0,1945852|-0,09594171|0,6625141
-0,1946761|-0,1090187|0,6526405
-0,1535918|-0,1188568|0,5984508
-0,1604064|-0,07869086|0,6301646
-0,1736014|-0,08595812|0,6631402
-0,1786288|-0,105315|0,6539644
-0,179279|-0,1160349|0,6398299
-0,1459579|-0,1212845|0,6021492
-0,1453011|-0,08720314|0,6396085
-0,1553807|-0,0924352|0,6606438
-0,1636377|-0,1083042|0,6580929
-0,1698735|-0,1167136|0,6486785
#END#
#START#
0,1445581|-0,1517725|0,596701
0,138481|-0,1845649|0,5660794
0,1219275|-0,178607|0,5825157
0,1014555|-0,1702491|0,6184207
0,1071874|-0,1608822|0,6488205
0,1165233|-0,157078|0,6628256
0,1314753|-0,1751523|0,5812025
0,1174623|-0,1274725|0,6172854
0,1193607|-0,09360492|0,6437728
0,1209108|-0,07715453|0,659791
0,1230002|-0,06603798|0,6684263
0,1388517|-0,1749646|0,5800561
0,1382163|-0,128568|0,6136835
0,1418879|-0,1290216|0,6547063
0,1381568|-0,1552292|0,658943
0,1341657|-0,1689816|0,651071
0,1488056|-0,1746228|0,5791359
0,1560417|-0,1366887|0,6133236
0,1573284|-0,1464787|0,648289
0,1487992|-0,1653077|0,6407558
0,1423181|-0,175097|0,6274346
0,1572517|-0,1771487|0,5792186
0,1733887|-0,1459919|0,6150763
0,1719949|-0,1544087|0,6375601
0,1628183|-0,1699106|0,6353271
0,1533702|-0,176697|0,6273692
#END#
#START#
-0,3916049|-0,06517752|0,3167389
-0,3703379|-0,1047999|0,314738
-0,3862176|-0,09784214|0,2986897
-0,4218834|-0,08442404|0,280395
-0,4489469|-0,06749892|0,2867195
-0,4607659|-0,05901647|0,2960359
-0,383233|-0,09335119|0,3072954
-0,4085789|-0,04109064|0,2870474
-0,4264833|-0,00213158|0,2856435
-0,438861|0,01729259|0,286045
-0,4452639|0,02996716|0,2872022
-0,3814235|-0,09230535|0,3144038
-0,403397|-0,03969762|0,3074187
-0,4423785|-0,02881198|0,3132401
-0,4519089|-0,05395595|0,3142346
-0,4460231|-0,0691011|0,3118587
-0,3795617|-0,09064879|0,32401
-0,4033057|-0,04471901|0,3263382
-0,4393622|-0,04468746|0,3310292
-0,4376355|-0,06596563|0,3257523
-0,4272778|-0,07946353|0,320437
-0,3794377|-0,09171785|0,3327552
-0,405541|-0,05055491|0,3450235
-0,4296015|-0,05327477|0,3459156
-0,4311416|-0,07021339|0,3395254
-0,4248003|-0,0796494|0,3310834
#END#
#START#
-0,449995|-0,1592995|0,2302618
-0,4235005|-0,1957547|0,2309149
-0,4346263|-0,1881034|0,2116465
-0,4659043|-0,1758654|0,1856948
-0,4959178|-0,1630854|0,1853974
-0,5116822|-0,1570498|0,1898797
-0,4350088|-0,1846824|0,2211095
-0,4603502|-0,1329305|0,1995111
-0,4826567|-0,09564018|0,1957549
-0,4945989|-0,07597721|0,1937343
-0,5008424|-0,06319078|0,1939218
-0,4356468|-0,184553|0,2284114
-0,4618867|-0,1341884|0,2204757
-0,5022601|-0,1293414|0,2139719
-0,5081618|-0,1550575|0,2090806
-0,5001123|-0,1692158|0,2071315
-0,4371011|-0,1841987|0,2381417
-0,4668299|-0,1419789|0,2377193
-0,5022461|-0,1469288|0,2300027
-0,4959542|-0,1669263|0,2233898
-0,4825341|-0,1782964|0,220416
-0,4395043|-0,1865685|0,2462831
-0,4739273|-0,1505987|0,25393
-0,4966333|-0,1556291|0,2465523
-0,4941545|-0,1715371|0,2382037
-0,4844567|-0,1791371|0,2312246
#END#
#START#
-0,4559105|-0,1718887|0,2333377
-0,4312748|-0,2092746|0,235529
-0,4408417|-0,2014382|0,2160072
-0,4711833|-0,1885573|0,1890703
-0,5011175|-0,1754365|0,1863849
-0,5171864|-0,168932|0,1889913
-0,4415924|-0,1979058|0,225317
-0,4634776|-0,1453484|0,2019142
-0,4860193|-0,109335|0,1944784
-0,4985375|-0,09034331|0,190589
-0,5052907|-0,07785051|0,1896766
-0,4426603|-0,1976995|0,2325127
-0,4661096|-0,1465142|0,2227343
-0,5059866|-0,1418563|0,2122774
-0,5115756|-0,1677206|0,20785
-0,5035902|-0,1820221|0,2071608
-0,4446695|-0,1972131|0,2420675
-0,4721624|-0,1541272|0,239709
-0,5070894|-0,1595664|0,2289211
-0,5002912|-0,1797325|0,2234341
-0,4866108|-0,1911015|0,2219644
-0,4476289|-0,1994195|0,2500667
-0,4808158|-0,1621901|0,2554371
-0,5030769|-0,1671903|0,2461784
-0,499489|-0,1832531|0,2384617
-0,4889397|-0,1907369|0,2326603
#END#
#START#
-0,4683942|-0,07969897|0,3020978
-0,4493646|-0,1204004|0,2990689
-0,4612552|-0,1108934|0,2808981
-0,4892773|-0,09501871|0,2544446
-0,5169507|-0,07870173|0,2536671
-0,5292348|-0,07187839|0,2631065
-0,4600371|-0,1074289|0,2905407
-0,4784127|-0,05133593|0,2730187
-0,4896535|-0,009115479|0,2730429
-0,4972909|0,01268105|0,2732376
-0,5008551|0,02641449|0,2745345
-0,459466|-0,1072126|0,2980957
-0,4768574|-0,05269263|0,2939751
-0,5163292|-0,04054595|0,2943755
-0,5283105|-0,0642189|0,2907885
-0,5243584|-0,07978829|0,287611
-0,4592417|-0,1066502|0,3082056
-0,4803545|-0,05961143|0,3118912
-0,516749|-0,0574936|0,3100067
-0,5153995|-0,0782539|0,3028668
-0,5056481|-0,09228326|0,2980056
-0,4607019|-0,1086493|0,3166638
-0,4861838|-0,06712842|0,329155
-0,5102977|-0,06802384|0,325603
-0,5129117|-0,08387873|0,3172614
-0,5076289|-0,09375806|0,3087964
#END#
#START#
-0,4975023|-0,07199185|0,2340087
-0,4789865|-0,1133797|0,2327939
-0,4929642|-0,104764|0,215262
-0,5248322|-0,08898448|0,1929505
-0,5507801|-0,07030866|0,1970643
-0,5624432|-0,06137184|0,2060316
-0,4904764|-0,1006522|0,2242932
-0,5099381|-0,04601012|0,2037408
-0,5215024|-0,004016061|0,2033177
-0,5300024|0,01742502|0,2036553
-0,5339763|0,0310528|0,2048737
-0,4891637|-0,09986481|0,2315961
-0,5063584|-0,04552739|0,2244979
-0,5442988|-0,03144567|0,2284892
-0,5556421|-0,05587897|0,2277205
-0,5506362|-0,07128386|0,2249902
-0,4879556|-0,09852625|0,2414388
-0,5081553|-0,05100901|0,2431934
-0,5441675|-0,0484793|0,2454087
-0,5430527|-0,06962|0,23942
-0,5331069|-0,08350437|0,2343677
-0,4886082|-0,09979319|0,2501419
-0,5122713|-0,05708892|0,261528
-0,5363117|-0,05813237|0,2608444
-0,5390326|-0,07462644|0,2537411
-0,5334364|-0,08452634|0,2453706
#END#
#START#
-0,5038868|-0,1100104|0,2509975
-0,481487|-0,149071|0,2477588
-0,4932735|-0,1396413|0,2298739
-0,5246946|-0,124638|0,2061545
-0,5539832|-0,1102219|0,207911
-0,5676063|-0,1039599|0,2162291
-0,4925893|-0,1365032|0,2394509
-0,5142898|-0,08132771|0,2223947
-0,5291115|-0,03995956|0,2232683
-0,5373748|-0,01840499|0,2236604
-0,541087|-0,004754546|0,2252087
-0,4925225|-0,1365662|0,2468176
-0,5139304|-0,08329809|0,2433403
-0,5536416|-0,07306962|0,2415349
-0,562907|-0,09777095|0,2364806
-0,5564338|-0,1125105|0,2332219
-0,4929992|-0,1364217|0,2566977
-0,5179355|-0,09129791|0,2607202
-0,5541801|-0,09176238|0,2564819
-0,5505574|-0,1120401|0,248805
-0,5384644|-0,1244072|0,2443382
-0,4948072|-0,1388743|0,2649688
-0,5242023|-0,1000473|0,277207
-0,547877|-0,1029577|0,2717125
-0,5470927|-0,1187409|0,2627405
-0,5385201|-0,1267477|0,2548115
#END#
#START#
-0,5699512|-0,1281721|0,2327458
-0,5438039|-0,1645533|0,2295174
-0,553763|-0,1545935|0,2105863
-0,5804141|-0,1397078|0,182024
-0,6104138|-0,1275939|0,1804345
-0,6240093|-0,1243166|0,18986
-0,5548379|-0,1523458|0,2205239
-0,5793439|-0,09802207|0,2052575
-0,6014937|-0,06269222|0,2053519
-0,6198623|-0,04840021|0,2046748
-0,632449|-0,04126995|0,2047787
-0,5557264|-0,1530973|0,2279336
-0,5813361|-0,1021577|0,2258881
-0,6213327|-0,09854383|0,219992
-0,6234019|-0,1241688|0,2115676
-0,6132697|-0,1366192|0,208141
-0,5574949|-0,1539153|0,2377797
-0,5866904|-0,1120393|0,2418622
-0,621457|-0,1173052|0,233238
-0,6129976|-0,1355295|0,2242504
-0,5988752|-0,1455071|0,2201248
-0,5601406|-0,1572617|0,2454911
-0,594315|-0,1226218|0,2567669
-0,616291|-0,1275777|0,2489091
-0,6133697|-0,1420313|0,2382821
-0,6041766|-0,148834|0,2300827
#END#
#START#
-0,4952698|-0,09849184|0,184222
-0,4625583|-0,1261986|0,2024407
-0,4656163|-0,10284|0,2083417
-0,4667597|-0,0615595|0,2104704
-0,4748836|-0,03952619|0,1888549
-0,4791151|-0,03827542|0,1726191
-0,4706438|-0,1081402|0,2011206
-0,5136781|-0,06422767|0,1991495
-0,5378497|-0,03237404|0,191143
-0,5467943|-0,01282748|0,1826969
-0,5526628|-0,001297734|0,1765779
-0,4721681|-0,1128258|0,1954104
-0,5169649|-0,07777691|0,1832774
-0,5205247|-0,04157175|0,1610515
-0,4968524|-0,03269056|0,1535667
-0,480889|-0,03554933|0,1553726
-0,4741987|-0,1186465|0,1874464
-0,5115221|-0,08836434|0,1674684
-0,5029383|-0,06003012|0,1483167
-0,4853434|-0,06836141|0,1586202
-0,4806134|-0,08094891|0,1706237
-0,4730326|-0,1232602|0,1800257
-0,5048965|-0,09699096|0,1510198
-0,4964052|-0,07836884|0,1405942
-0,4810134|-0,08167417|0,1503504
-0,4769632|-0,08773196|0,1626131
#END#
#START#
-0,4562801|-0,04183809|0,2099948
-0,4364667|-0,08033258|0,1972658
-0,4379502|-0,06197269|0,1832801
-0,4554049|-0,02987825|0,1613072
-0,4771184|-0,01068048|0,1590348
-0,4798133|0,005694037|0,1481902
-0,4416572|-0,06353376|0,1924899
-0,4509273|-0,002460423|0,1971261
-0,4695047|0,03474858|0,2058489
-0,4807851|0,05444916|0,2097583
-0,4872975|0,0663549|0,2140422
-0,4451174|-0,06672331|0,1980945
-0,4607105|-0,01015652|0,2148243
-0,4823455|0,03054046|0,2252589
-0,4965858|0,05055032|0,2284793
-0,5067082|0,06259277|0,2298245
-0,4502704|-0,07060255|0,2055055
-0,4743051|-0,02202818|0,2230658
-0,4996848|0,002715917|0,2195811
-0,5086299|-0,005119266|0,201133
-0,5100935|-0,01598862|0,1873866
-0,4559696|-0,07567322|0,209911
-0,4867675|-0,03617875|0,2290759
-0,5043623|-0,02066392|0,2237905
-0,5114105|-0,02496075|0,2079482
-0,5088484|-0,03037159|0,1952488
#END#
#START#
-0,4354667|-0,03738481|0,2371902
-0,4250504|-0,0826963|0,2365002
-0,4356571|-0,06982279|0,2184943
-0,4624968|-0,0415079|0,2000634
-0,4799206|-0,01521648|0,2085179
-0,4901547|-0,001070844|0,2130362
-0,4329065|-0,06708616|0,2277049
-0,4386367|-0,009183012|0,2068661
-0,4437209|0,0344028|0,2081854
-0,4450786|0,05750784|0,2083934
-0,4444095|0,07165959|0,2097319
-0,432413|-0,06688047|0,2349273
-0,4358928|-0,006058223|0,2282918
-0,438966|0,04204853|0,2290944
-0,4391189|0,06678899|0,2302902
-0,4394987|0,08247156|0,2316765
-0,4322582|-0,06620132|0,2446415
-0,4425157|-0,009655714|0,2465138
-0,4633097|0,01927806|0,2450885
-0,4824053|0,009501102|0,2404647
-0,4927995|-0,004210477|0,2367154
-0,4343084|-0,06748515|0,2531205
-0,4501068|-0,01714241|0,2628049
-0,4701475|-0,001613033|0,2564693
-0,4838417|-0,01140973|0,2505216
-0,4875082|-0,02299329|0,2434764
#END#
#START#
-0,4249811|-0,00587108|0,222448
-0,4152789|-0,05127192|0,222816
-0,4251929|-0,03912909|0,2029099
-0,4461891|-0,01387233|0,1759417
-0,4639201|0,01238591|0,1764483
-0,4747699|0,02616721|0,1791943
-0,4230714|-0,03594325|0,2126327
-0,4277732|0,02123511|0,1906847
-0,4301815|0,06463297|0,1853356
-0,4294094|0,08760025|0,1823041
-0,4275327|0,1016964|0,1817677
-0,4226391|-0,03555805|0,2202301
-0,4259371|0,02509246|0,2119371
-0,4329544|0,07289857|0,2069902
-0,4342711|0,09756626|0,2055574
-0,4351218|0,1132814|0,2053266
-0,4225667|-0,0346336|0,230346
-0,4317231|0,02320858|0,2315446
-0,4474425|0,05932159|0,2330825
-0,4646214|0,07264497|0,2326129
-0,4775687|0,08328852|0,2328321
-0,4248129|-0,03567493|0,2388083
-0,4356371|0,01601964|0,2504558
-0,4374892|0,0429922|0,2595691
-0,4386676|0,05826277|0,2671939
-0,4390154|0,07115423|0,2715893
#END#
#START#
-0,4042475|-0,109028|0,1376638
-0,3860733|-0,1497799|0,1478148
-0,39126|-0,142178|0,1241461
-0,4052168|-0,1231734|0,08910537
-0,4251149|-0,1007316|0,08056244
-0,4374774|-0,08872812|0,07566659
-0,3931188|-0,1379672|0,1335202
-0,4023227|-0,08669639|0,1030306
-0,411837|-0,04636634|0,09239289
-0,4165919|-0,02498887|0,08686815
-0,4186007|-0,01081692|0,08502015
-0,3952475|-0,1369411|0,1407888
-0,4082154|-0,08051397|0,1228971
-0,4203689|-0,03629135|0,1094972
-0,4241639|-0,01272668|0,1048723
-0,426865|0,002669484|0,1024287
-0,398609|-0,1352694|0,1502065
-0,4192389|-0,08162192|0,1398761
-0,4375054|-0,04773042|0,1317976
-0,4530578|-0,03427396|0,1256482
-0,4651035|-0,02336173|0,1213796
-0,4031957|-0,1361451|0,1575935
-0,4267887|-0,08841804|0,1577194
-0,4328839|-0,06063633|0,1637032
-0,4359385|-0,04488547|0,1696036
-0,4368279|-0,03179074|0,1729033
#END#
#START#
-0,4291165|-0,1655875|0,06192751
-0,4014032|-0,1982127|0,07950478
-0,404623|-0,1939394|0,05515283
-0,4201198|-0,1847109|0,0169893
-0,4467603|-0,1717111|0,004888765
-0,4628882|-0,1657256|0,001736118
-0,4092029|-0,1898247|0,06333227
-0,4275825|-0,1457281|0,02578744
-0,4435714|-0,1084715|0,01054876
-0,4508021|-0,08838368|0,003057944
-0,4548447|-0,0748499|9,291193E-05
-0,4128265|-0,1890033|0,06981417
-0,4385175|-0,1403883|0,04392416
-0,4592906|-0,1009207|0,02669853
-0,4675866|-0,07879283|0,02071698
-0,4733334|-0,06444576|0,0173333
-0,4181797|-0,1878416|0,07811988
-0,4517221|-0,144658|0,05905886
-0,4796556|-0,1227145|0,04518076
-0,4982168|-0,1221026|0,03457184
-0,5130401|-0,1219812|0,0264863
-0,4235289|-0,1896523|0,08479133
-0,4600334|-0,1525496|0,07609202
-0,4772156|-0,1303237|0,07855787
-0,4870826|-0,1168123|0,08242872
-0,4936042|-0,1050973|0,08422633
#END#
#START#
-0,5506075|-0,1908055|0,1327348
-0,5160951|-0,219589|0,1421241
-0,5271155|-0,2182153|0,1200828
-0,5538965|-0,2143776|0,08792881
-0,5838436|-0,2052889|0,08275679
-0,6008489|-0,201105|0,08348653
-0,5292426|-0,2135796|0,1290062
-0,563058|-0,1746522|0,09689498
-0,5886146|-0,1423623|0,08528331
-0,602097|-0,1252989|0,07920918
-0,6097195|-0,1132971|0,07672882
-0,5305839|-0,2123257|0,1362973
-0,5677919|-0,168474|0,1171685
-0,5994062|-0,1352719|0,1046476
-0,6141421|-0,1166783|0,0996116
-0,6238389|-0,1044673|0,09693356
-0,5329809|-0,2106376|0,1458628
-0,5746903|-0,1719517|0,1359501
-0,6082691|-0,1545039|0,1296319
-0,6290228|-0,1570989|0,1253282
-0,6454875|-0,1590727|0,1223383
-0,5356259|-0,2120856|0,1540653
-0,5766327|-0,1783427|0,1551368
-0,5956791|-0,1584938|0,1593867
-0,606977|-0,1470175|0,1639754
-0,6153507|-0,136599|0,1660631
#END#
#START#
-0,458924|-0,0413902|0,2753416
-0,4306608|-0,0773738|0,2711312
-0,4450885|-0,07008778|0,2535929
-0,4782819|-0,05856833|0,2309507
-0,5078152|-0,04671152|0,2336221
-0,523347|-0,04115123|0,2392815
-0,4443455|-0,06676639|0,263109
-0,4752488|-0,01657291|0,2467958
-0,4960933|0,02073833|0,2480162
-0,5070037|0,04049588|0,2486634
-0,5124677|0,05375413|0,2502937
-0,4438372|-0,06663657|0,2704804
-0,4736007|-0,01364787|0,2683624
-0,4987943|0,02622624|0,2705587
-0,5103082|0,04740585|0,2727821
-0,517702|0,06123983|0,2748467
-0,4437415|-0,06632736|0,2803539
-0,4764529|-0,0189145|0,2877672
-0,5033194|0,007959891|0,2943242
-0,5236741|0,01399231|0,2968374
-0,5394703|0,0191522|0,299349
-0,4446919|-0,06883119|0,2886755
-0,475704|-0,02898356|0,3052839
-0,4889306|-0,007279272|0,3168841
-0,4964859|0,004946785|0,3259024
-0,5023354|0,01577558|0,3314835
#END#
#START#
-0,3263993|-0,1840554|0,2710688
-0,2895718|-0,212652|0,2683016
-0,3058439|-0,2087644|0,2505456
-0,3420248|-0,2039345|0,2293008
-0,3727966|-0,1965059|0,2354712
-0,3887726|-0,1933138|0,2419689
-0,3057948|-0,2052864|0,2599805
-0,3470174|-0,1643096|0,2414996
-0,376012|-0,1336563|0,2385281
-0,391816|-0,1176074|0,2372022
-0,4007535|-0,1062841|0,2376484
-0,3055149|-0,2049941|0,2673065
-0,3469462|-0,1604983|0,2629153
-0,3791863|-0,125947|0,2611754
-0,3948508|-0,1075239|0,2614419
-0,4049953|-0,09540907|0,2622363
-0,3057357|-0,2046369|0,277092
-0,3492267|-0,1654228|0,2822364
-0,3795751|-0,1409175|0,2850309
-0,4002141|-0,1353139|0,286247
-0,416169|-0,1303063|0,2877422
-0,3063426|-0,2072318|0,2854144
-0,346608|-0,1750441|0,3001216
-0,3637963|-0,1537603|0,3096773
-0,3731727|-0,1419564|0,3176483
-0,3804933|-0,1315876|0,322295
#END#
#START#
-0,4539653|-0,121498|0,2138715
-0,422893|-0,1524958|0,2327639
-0,4278638|-0,1298821|0,243824
-0,437204|-0,09808468|0,2676572
-0,4426615|-0,07276429|0,2823261
-0,4456563|-0,05967662|0,295389
-0,4312432|-0,1332605|0,2343105
-0,4737114|-0,09004654|0,2314634
-0,5066047|-0,06421958|0,2300113
-0,5237688|-0,04948195|0,2280459
-0,5351176|-0,04074883|0,2258438
-0,4318282|-0,1372589|0,2271464
-0,4785956|-0,1002326|0,2127152
-0,5177959|-0,07374808|0,2044709
-0,5399603|-0,06395341|0,2005598
-0,5538431|-0,05707596|0,1972537
-0,4325418|-0,1420791|0,2174892
-0,4756156|-0,1078334|0,1942649
-0,5103402|-0,09069307|0,1835776
-0,5282003|-0,0808838|0,1762121
-0,5425717|-0,07440391|0,1705682
-0,4301617|-0,1454221|0,2097685
-0,4650128|-0,1187521|0,1794056
-0,4894561|-0,1125654|0,1647435
-0,5026827|-0,1099069|0,1541891
-0,5139341|-0,1069067|0,1473369
#END#
#START#
-0,2045776|-0,02474627|0,4260651
-0,1805229|-0,06669179|0,4220577
-0,1690915|-0,04496513|0,4273168
-0,1457128|-0,014166|0,4391323
-0,1303955|0,01086771|0,4427367
-0,1186189|0,02446171|0,4476298
-0,1792664|-0,04591438|0,424738
-0,1929169|0,01010231|0,4437202
-0,1995509|0,04983321|0,445599
-0,2029471|0,07225801|0,4433211
-0,205559|0,08633088|0,4405424
-0,186315|-0,04871381|0,4217607
-0,2123767|0,00341904|0,4373701
-0,2278436|0,04861485|0,43892
-0,2372473|0,07131109|0,4402949
-0,2424609|0,08626594|0,4390393
-0,1955822|-0,05204408|0,4175307
-0,2267411|-0,003173904|0,4253225
-0,2470957|0,03183665|0,4305156
-0,258332|0,05045328|0,4318471
-0,2671002|0,06487623|0,4322507
-0,2012188|-0,05548884|0,411806
-0,2363073|-0,01525739|0,4113137
-0,2569531|0,003765131|0,4129205
-0,2706062|0,01452924|0,4111936
-0,2796163|0,02450093|0,4100721
#END#
#START#
0,04878181|-0,04164727|0,4350164
0,06342258|-0,08153017|0,41343
0,07610549|-0,0598805|0,411244
0,1024289|-0,02892296|0,4089141
0,1186469|-0,00405373|0,4049217
0,1314063|0,009204445|0,4024206
0,06666674|-0,06121923|0,4158757
0,06968439|-0,007640935|0,4437522
0,06679609|0,03150584|0,4526006
0,06310199|0,05396378|0,4544425
0,05946445|0,06812225|0,4543729
0,05931229|-0,06419639|0,4179315
0,05068787|-0,01459192|0,4509124
0,04090284|0,03007477|0,4646674
0,03497421|0,05272129|0,4724013
0,03044085|0,06779833|0,4746712
0,04944703|-0,0676992|0,4204685
0,0319513|-0,02069165|0,4505336
0,02121447|0,01389012|0,4693273
0,01394763|0,03306892|0,4766545
0,007756541|0,04832761|0,4808171
0,04137281|-0,07090297|0,4195254
0,0151981|-0,03187977|0,4451725
0,001345546|-0,01293397|0,4604629
-0,009919569|-0,001676115|0,4676097
-0,01719071|0,008773422|0,4720567
#END#
#START#
0,2342806|-0,0425839|0,3031572
0,2336813|-0,08193808|0,2760119
0,2427435|-0,06004519|0,2674671
0,2624656|-0,02856998|0,2508358
0,2730944|-0,00339453|0,2383166
0,2815996|0,01022292|0,2290716
0,2377573|-0,06159465|0,2766724
0,2562903|-0,008504314|0,2989655
0,2591237|0,0305833|0,3081106
0,2572873|0,05305305|0,3119913
0,2540399|0,06721555|0,3138829
0,2329871|-0,0647074|0,2825398
0,2449549|-0,01593583|0,3154885
0,2439221|0,02894285|0,3320568
0,2429136|0,05172769|0,3414897
0,239981|0,06683829|0,3455361
0,2264488|-0,06839675|0,2902445
0,2295105|-0,02226563|0,325734
0,2308258|0,01292821|0,346753
0,2287227|0,03228854|0,3564985
0,2257489|0,047667|0,3630763
0,2193387|-0,07172708|0,2940854
0,2129274|-0,03338254|0,3311588
0,2109358|-0,014029|0,3516259
0,2060619|-0,002653224|0,3638279
0,2029119|0,007864652|0,3716569
#END#
#START#
0,3138705|-0,07403705|0,1346422
0,2978587|-0,1120148|0,1072867
0,3026353|-0,08785799|0,09727599
0,3125539|-0,05349701|0,07471795
0,3161516|-0,02603797|0,06230298
0,3197237|-0,01094683|0,05111165
0,302771|-0,09058239|0,1078939
0,3335061|-0,03837531|0,1229904
0,3416893|0,0006711113|0,1341977
0,3410178|0,02372321|0,140898
0,3388723|0,03700951|0,1454283
0,3013163|-0,09442173|0,1152169
0,331153|-0,04756249|0,1425265
0,3406409|-0,003645013|0,1627916
0,3445135|0,019301|0,1736718
0,344652|0,03361747|0,1801647
0,2991061|-0,09910596|0,1250103
0,3220597|-0,05495792|0,1589293
0,3344876|-0,02095693|0,1807069
0,3371843|-0,001499881|0,1919985
0,3378235|0,01309715|0,2004197
0,2945452|-0,1028733|0,1317425
0,3089777|-0,06659567|0,1714271
0,3168611|-0,04785319|0,1920405
0,3180754|-0,03703564|0,2058557
0,3187684|-0,02671416|0,2149327
#END#
#START#
0,3485037|-0,07563106|0,01937783
0,3246575|-0,1151054|0,01589511
0,3318757|-0,1051805|0,03712846
0,3559001|-0,08983946|0,06923962
0,384582|-0,07459804|0,07385809
0,4001016|-0,06832301|0,06917809
0,3338341|-0,1021074|0,02744152
0,351097|-0,04640293|0,05041448
0,3692071|-0,006110809|0,0551552
0,380038|0,01484123|0,05811208
0,3856823|0,02763733|0,05826549
0,3357825|-0,1022547|0,02018872
0,3565398|-0,04868564|0,02999465
0,3950841|-0,03996809|0,04336757
0,4015248|-0,06567255|0,05099916
0,3938546|-0,0800631|0,05214231
0,3389746|-0,1022758|0,01060016
0,3652794|-0,05685879|0,01414323
0,3992992|-0,05829125|0,02878232
0,3925558|-0,07896602|0,03501838
0,3791561|-0,09082679|0,03547569
0,3430438|-0,1048161|0,003028447
0,3762536|-0,06572404|-0,0003316362
0,3975087|-0,06856875|0,01171246
0,3936207|-0,08473349|0,02017171
0,3827131|-0,09258734|0,02525735
#END#
#START#
0,2387519|-0,0650656|-0,2284462
0,2185818|-0,1055155|-0,2191482
0,2369351|-0,09597421|-0,2058033
0,2744646|-0,080074|-0,192555
0,2993309|-0,06299096|-0,2049897
0,3084601|-0,05577945|-0,2178608
0,2325932|-0,09252442|-0,2146264
0,2589003|-0,03681443|-0,2035443
0,276392|0,003597621|-0,2084425
0,2868739|0,02472239|-0,2114357
0,291511|0,0376643|-0,2140102
0,2297441|-0,09235743|-0,2216421
0,251056|-0,03799224|-0,223278
0,2895284|-0,02675876|-0,2351614
0,3010036|-0,05177043|-0,2348277
0,2966721|-0,06688304|-0,230368
0,2264744|-0,09192071|-0,2312612
0,2487892|-0,04502128|-0,2417236
0,2847252|-0,04386353|-0,2507413
0,2849127|-0,06520408|-0,2432576
0,2756082|-0,07844529|-0,235605
0,2252402|-0,09399895|-0,2398902
0,2488942|-0,05267101|-0,2604098
0,2732245|-0,05324938|-0,2642201
0,2775899|-0,06968245|-0,2567941
0,2734044|-0,07898816|-0,246672
#END#
#START#
-0,006126774|-0,06332343|-0,3419788
-0,0182556|-0,104129|-0,3244167
0,004601749|-0,09486744|-0,3222845
0,04414293|-0,07963492|-0,3270355
0,06206253|-0,06302994|-0,3482792
0,06251217|-0,05630761|-0,3639992
-0,003743473|-0,09118887|-0,3276227
0,02434836|-0,03539972|-0,3310553
0,0355412|0,005113563|-0,3428119
0,04425028|0,02499133|-0,35312
0,04927692|0,03586871|-0,36071
-0,01003398|-0,09084962|-0,332096
0,007126189|-0,0362998|-0,343534
0,03295629|-0,02513497|-0,3742831
0,0422423|-0,05045143|-0,3798784
0,04021464|-0,0651656|-0,3729351
-0,01809381|-0,09017787|-0,3385312
-0,004739208|-0,04291516|-0,358045
0,02038393|-0,04165292|-0,3851965
0,02458377|-0,0630493|-0,3791881
0,02102192|-0,07644199|-0,3678789
-0,02377293|-0,09205296|-0,3452023
-0,0147012|-0,05026774|-0,374043
0,00370637|-0,05133619|-0,3904397
0,01150743|-0,06778312|-0,3869715
0,01395305|-0,07755554|-0,3768083
#END#
#START#
-0,05315426|-0,1820925|-0,3481871
-0,06712674|-0,2161432|-0,3195561
-0,04330323|-0,2104537|-0,3241376
-0,005259976|-0,2038404|-0,3426163
0,006482365|-0,1942555|-0,371362
0,006462615|-0,1901133|-0,388343
-0,05195755|-0,2064943|-0,3283616
-0,01777439|-0,1582304|-0,3492087
-0,005550796|-0,1207069|-0,3701977
0,001582521|-0,101655|-0,3824912
0,004181268|-0,08972944|-0,389323
-0,05877158|-0,205972|-0,3315857
-0,03707194|-0,1583468|-0,3581733
-0,01726327|-0,1549046|-0,3943382
-0,01231418|-0,1819597|-0,3967579
-0,01454716|-0,1949741|-0,387047
-0,06765471|-0,2052357|-0,336471
-0,05244618|-0,1656737|-0,3685322
-0,03367253|-0,1729115|-0,3991917
-0,03137342|-0,1930708|-0,3891758
-0,03451595|-0,202913|-0,3745466
-0,07479817|-0,2073983|-0,3414427
-0,06653262|-0,174448|-0,3802164
-0,05271615|-0,181757|-0,3986585
-0,04700429|-0,1980633|-0,3917069
-0,04445691|-0,2046932|-0,3791888
#END#
#START#
-0,1763583|-0,1495554|-0,3858374
-0,1778339|-0,1850311|-0,3564917
-0,1567731|-0,1764554|-0,3664135
-0,1245206|-0,1642154|-0,3914298
-0,1206018|-0,1526729|-0,4213043
-0,1265039|-0,1489193|-0,4371203
-0,16676|-0,1736699|-0,3682637
-0,1456362|-0,1212588|-0,3950154
-0,1417566|-0,08448517|-0,4189745
-0,1392752|-0,0661731|-0,4338547
-0,1393353|-0,05472827|-0,4418944
-0,1743135|-0,1740445|-0,3696033
-0,1664424|-0,1242325|-0,3984627
-0,1562499|-0,1225007|-0,4390133
-0,1488421|-0,1487951|-0,4423685
-0,1466926|-0,1622723|-0,4334521
-0,184311|-0,1744463|-0,3719992
-0,1829311|-0,1334765|-0,4046404
-0,1715248|-0,1408871|-0,4390233
-0,164326|-0,1601131|-0,4295016
-0,1621037|-0,1702555|-0,415053
-0,1921619|-0,1774765|-0,3750786
-0,1982424|-0,1436526|-0,4131349
-0,188304|-0,1499119|-0,4346075
-0,1790797|-0,1653937|-0,4300359
-0,1723332|-0,1724648|-0,4196232
#END#
#START#
-0,1403766|0,08276049|-0,3768307
-0,1400321|0,03798681|-0,3657984
-0,1193351|0,05093533|-0,3709585
-0,08757153|0,07405762|-0,3871708
-0,08530188|0,09778774|-0,4088475
-0,09379919|0,106648|-0,4207368
-0,1294968|0,05382781|-0,3714711
-0,1109142|0,1134631|-0,3727822
-0,1094677|0,156798|-0,3794072
-0,1081789|0,1794947|-0,3860933
-0,1089455|0,1931342|-0,3890935
-0,1370967|0,05375221|-0,3728497
-0,1316497|0,1115424|-0,3771989
-0,122589|0,1318963|-0,4124131
-0,114228|0,109981|-0,4268916
-0,1114599|0,09408756|-0,4244023
-0,1471601|0,05400655|-0,3751922
-0,1478862|0,1053255|-0,3868636
-0,1370988|0,1149474|-0,4206857
-0,1290168|0,09380377|-0,4205871
-0,1262713|0,07853212|-0,411815
-0,1549399|0,05229431|-0,379296
-0,162961|0,09910231|-0,398874
-0,1533553|0,1034989|-0,4207894
-0,1434944|0,08786971|-0,4231394
-0,1365367|0,07744643|-0,4161806
#END#
#START#
0,1024343|0,05252274|-0,277438
0,09391747|0,007622872|-0,2711458
0,114925|0,0184857|-0,2647969
0,1525441|0,03939655|-0,2656402
0,1701237|0,06195617|-0,2813812
0,1753395|0,07352307|-0,2935577
0,1066959|0,02241405|-0,2697683
0,128071|0,07999709|-0,2570675
0,1322159|0,1246521|-0,2572203
0,1354118|0,1481927|-0,2581666
0,1354927|0,1621718|-0,2586171
0,1009702|0,02317853|-0,2746218
0,1122387|0,08023139|-0,2712525
0,1382566|0,1006383|-0,2957653
0,1497302|0,07691512|-0,3044181
0,1479678|0,0611905|-0,3000835
0,09364095|0,02456014|-0,2815016
0,1025147|0,07582895|-0,2880346
0,1294586|0,08455983|-0,3116433
0,134681|0,06272287|-0,3088357
0,1309855|0,04743016|-0,3002975
0,0888127|0,02376916|-0,2890123
0,09500688|0,07157722|-0,306369
0,114622|0,07526063|-0,3204563
0,1228164|0,05865309|-0,3183788
0,1239222|0,04774928|-0,3090429
#END#
#START#
0,1845438|-0,01354423|-0,1591894
0,1678298|-0,05638995|-0,1537472
0,1864002|-0,04663519|-0,1398995
0,2226784|-0,02858509|-0,1255146
0,2459608|-0,008032483|-0,135259
0,254897|0,001558987|-0,1467051
0,181292|-0,04266363|-0,1481676
0,2036011|0,01351419|-0,1321861
0,2144948|0,05681289|-0,1344394
0,2217406|0,07942859|-0,1361266
0,224598|0,09302753|-0,1378455
0,1780209|-0,04198456|-0,1550188
0,1948818|0,01378669|-0,1515733
0,2308734|0,02986853|-0,1645701
0,2439464|0,00571814|-0,1671235
0,2404332|-0,009868164|-0,1635333
0,174165|-0,04079594|-0,1644272
0,1921109|0,008266468|-0,1705011
0,2270854|0,01197383|-0,1815253
0,2280604|-0,009822449|-0,1755373
0,2193635|-0,02371651|-0,1683197
0,1726386|-0,04202553|-0,1731775
0,1919407|0,002219179|-0,1898303
0,215999|0,001499335|-0,1946001
0,2195501|-0,01559533|-0,1879868
0,2150273|-0,02525629|-0,1783572
#END#
#START#
0,2240648|-0,1617954|-0,3082412
0,2001672|-0,1912345|-0,2820951
0,2236024|-0,1866026|-0,2790362
0,2662717|-0,1846629|-0,2862239
0,2916549|-0,1830933|-0,3074052
0,3007113|-0,1826968|-0,3224323
0,2172594|-0,1831683|-0,2863486
0,2590211|-0,1383789|-0,3005151
0,2794046|-0,1055977|-0,3210984
0,2934851|-0,09229153|-0,33542
0,3020178|-0,08648479|-0,3452719
0,2120675|-0,1830789|-0,2916984
0,2435129|-0,1401963|-0,3149942
0,2735751|-0,1472908|-0,342289
0,2745557|-0,1741943|-0,3355886
0,2675004|-0,1837111|-0,3242866
0,2055197|-0,1829864|-0,2993236
0,2319474|-0,1488717|-0,3286116
0,2589823|-0,1643559|-0,3492201
0,2569622|-0,1824806|-0,3358525
0,2494411|-0,190405|-0,3217925
0,200341|-0,1857848|-0,3060838
0,2224173|-0,1590888|-0,3433976
0,2412048|-0,1710483|-0,3546216
0,2442298|-0,1862777|-0,3445736
0,2433238|-0,1920571|-0,3315389
#END#
#START#
0,0822183|-0,1558695|-0,2359476
0,06105527|-0,1936084|-0,2192739
0,0816357|-0,1840448|-0,2103641
0,122548|-0,1699745|-0,207136
0,1482782|-0,1572689|-0,2232092
0,1599819|-0,1514749|-0,2352388
0,07624909|-0,1811697|-0,2186419
0,1074589|-0,1268409|-0,2174305
0,1276014|-0,0889461|-0,2280428
0,1391805|-0,0690842|-0,2341299
0,1444152|-0,05683246|-0,2383861
0,07250834|-0,1814954|-0,2251063
0,09678131|-0,1294499|-0,235601
0,134762|-0,1229843|-0,2528812
0,1450026|-0,1484161|-0,2519119
0,1408671|-0,1630093|-0,2458958
0,06800076|-0,1818066|-0,2340714
0,09134386|-0,1382464|-0,2526082
0,1259585|-0,1416162|-0,266093
0,1256277|-0,1620396|-0,2564032
0,1163854|-0,1734846|-0,2461691
0,06539743|-0,1846654|-0,2421509
0,08839198|-0,1476613|-0,2702054
0,1120835|-0,1507182|-0,2769759
0,1160507|-0,1666296|-0,2682957
0,1123288|-0,1742681|-0,2566746
#END#
#START#
-0,07056625|-0,1316325|-0,320873
-0,09913877|-0,1654612|-0,3041005
-0,1052123|-0,1411688|-0,305995
-0,1090516|-0,09892869|-0,3024921
-0,08799185|-0,07471517|-0,2976776
-0,07179519|-0,0708885|-0,2938204
-0,09597909|-0,1457405|-0,3079501
-0,07920489|-0,09435003|-0,3395836
-0,06130011|-0,06056668|-0,3608591
-0,05101229|-0,04163932|-0,3708887
-0,04399654|-0,03168266|-0,3777637
-0,08974899|-0,1501303|-0,3072852
-0,06199183|-0,1067881|-0,3367099
-0,04276779|-0,07122803|-0,3248515
-0,05023082|-0,06904295|-0,2986878
-0,06073634|-0,07756966|-0,289384
-0,08114029|-0,1555506|-0,3061517
-0,04765747|-0,1167368|-0,3269915
-0,03171033|-0,08656488|-0,3125541
-0,0442059|-0,08765177|-0,2938257
-0,05789214|-0,09699954|-0,2866055
-0,07447518|-0,160144|-0,3023106
-0,03432768|-0,1268765|-0,3156466
-0,02358088|-0,1069385|-0,3071646
-0,03216206|-0,1025843|-0,2916628
-0,04550377|-0,1041011|-0,2862569
#END#
#START#
0,05480328|-0,1354946|-0,2868119
0,01998002|-0,1692948|-0,2835726
0,01731412|-0,1452205|-0,2851071
0,01860127|-0,1050406|-0,2712943
0,04390512|-0,09015911|-0,2552057
0,05923488|-0,0922975|-0,2479669
0,02604195|-0,1499239|-0,2846012
0,05474532|-0,09672248|-0,3044768
0,07849564|-0,06456191|-0,3245652
0,09142043|-0,04868122|-0,3369584
0,1000182|-0,04079343|-0,344671
0,03124112|-0,1543176|-0,2822144
0,07216033|-0,1093692|-0,2991962
0,1047665|-0,07573206|-0,3110419
0,1215159|-0,05674961|-0,3134284
0,1318951|-0,04497785|-0,313559
0,03841088|-0,1598829|-0,2786089
0,08320405|-0,1207102|-0,2857836
0,1128832|-0,0923918|-0,2838999
0,1254511|-0,07553526|-0,2761832
0,135285|-0,0633559|-0,2703074
0,04310299|-0,165178|-0,2731001
0,08710817|-0,1329373|-0,2694708
0,09603506|-0,1107024|-0,2581404
0,08900113|-0,1021826|-0,244264
0,07880718|-0,09704036|-0,2362318
#END#
#START#
0,2871884|0,06355003|-0,1011058
0,2674737|0,02241307|-0,1175438
0,2598101|0,04516448|-0,1203427
0,2438219|0,0824866|-0,1070717
0,2551554|0,09788217|-0,07903534
0,2661611|0,09357776|-0,06704301
0,2676878|0,04253787|-0,1151085
0,2858785|0,1031705|-0,1163828
0,2968181|0,1447291|-0,1123035
0,3031605|0,1675268|-0,1095895
0,3085651|0,1802969|-0,1077627
0,2716169|0,03923047|-0,1101304
0,299063|0,09407354|-0,101643
0,3087063|0,1370246|-0,08480018
0,3056339|0,1582587|-0,07142743
0,3033087|0,1709155|-0,06244343
0,2767296|0,03510786|-0,103024
0,3033056|0,08417012|-0,08459187
0,3099554|0,1203375|-0,06450482
0,3059365|0,1379714|-0,05133541
0,3033694|0,1509258|-0,04108608
0,2788395|0,03040085|-0,09569834
0,3015822|0,07151259|-0,06853425
0,2927989|0,09347682|-0,05484767
0,2767196|0,0970609|-0,04859213
0,2628204|0,09787893|-0,0483128
#END#
#START#
0,2824784|-0,147321|0,06715494
0,2587039|-0,1808197|0,04096449
0,2626294|-0,1585529|0,03587414
0,2528553|-0,117566|0,04029642
0,2481113|-0,09747847|0,06750134
0,2489557|-0,09927497|0,08426335
0,265525|-0,1623388|0,04426807
0,3031242|-0,1121823|0,05520599
0,3156246|-0,07500155|0,06711449
0,3170845|-0,05284358|0,0756124
0,3179432|-0,04017792|0,08167852
0,2651268|-0,1658212|0,05040826
0,3036479|-0,1234799|0,07420649
0,3188206|-0,08635124|0,09873518
0,3184069|-0,06437807|0,1117603
0,315824|-0,05098756|0,1196289
0,264364|-0,1701482|0,0589372
0,2956|-0,1320067|0,09094737
0,305268|-0,1010379|0,1160557
0,3011295|-0,08224928|0,1276883
0,2965231|-0,06842145|0,136229
0,2609004|-0,1742417|0,06611585
0,2814957|-0,1414947|0,1031091
0,2746775|-0,1180386|0,1147727
0,2613634|-0,1066491|0,1157867
0,2508117|-0,09858792|0,1117207
#END#
#START#
0,1663382|-0,1391877|0,3518665
0,1680727|-0,166795|0,3124611
0,1682475|-0,1423915|0,3131469
0,154069|-0,1028652|0,3178379
0,135595|-0,09393337|0,3437413
0,1293279|-0,103368|0,3561173
0,1672566|-0,1485611|0,3210867
0,1809348|-0,09986021|0,3593629
0,1877499|-0,07001659|0,3886869
0,1868437|-0,05253644|0,4045855
0,1870098|-0,04339145|0,415167
0,1647992|-0,1539882|0,3253674
0,1749884|-0,1155696|0,3737648
0,175245|-0,08679009|0,4109266
0,1675268|-0,06955833|0,4278024
0,1616639|-0,059175|0,4380139
0,1610777|-0,1609658|0,3313265
0,1618041|-0,1290791|0,3815875
0,1528162|-0,104879|0,4126713
0,1390405|-0,09014708|0,4220918
0,12863|-0,07951866|0,4297069
0,1556134|-0,1672398|0,3346662
0,1463746|-0,1430172|0,382574
0,1322553|-0,1240066|0,3939297
0,1184248|-0,1149345|0,3888723
0,1096141|-0,1073068|0,3813769
#END#
#START#
0,1259823|0,02898866|0,4192992
0,1314195|-0,004017518|0,3853371
0,127595|0,01887066|0,3820799
0,103461|0,05397586|0,3842484
0,08448259|0,06177725|0,4114098
0,08241627|0,0527734|0,4253847
0,1279177|0,01432065|0,3906924
0,1335999|0,07094711|0,4186597
0,1293529|0,10668|0,4415491
0,1243927|0,1262749|0,4539475
0,1223228|0,137033|0,4626426
0,1262932|0,009608981|0,3957471
0,1297074|0,05727066|0,435062
0,1157224|0,09377|0,4616649
0,1014401|0,1117735|0,4715838
0,09265821|0,1226633|0,4786116
0,1236569|0,003547764|0,4027593
0,1195077|0,04381186|0,4460979
0,104653|0,07322428|0,4692041
0,08704683|0,08633253|0,4719004
0,07409723|0,09622952|0,4752536
0,1192372|-0,002760524|0,407338
0,1109539|0,02610643|0,4542004
0,1125382|0,0385318|0,4812924
0,1129436|0,04331468|0,4974298
0,1150753|0,04843505|0,510071
#END#
#START#
-0,0774514|0,01579802|0,4640712
-0,05818672|-0,01537666|0,4341075
-0,06077882|0,007333261|0,4306042
-0,08459415|0,04221534|0,4244568
-0,1130655|0,04842468|0,4421732
-0,1194651|0,03812246|0,4536803
-0,06388402|0,002415921|0,4383877
-0,07091727|0,05770466|0,4685021
-0,08697092|0,09206335|0,4863329
-0,09950647|0,1106817|0,4937413
-0,1067587|0,120996|0,4997951
-0,06735822|-0,002517106|0,4421268
-0,08096964|0,04319964|0,481133
-0,1067614|0,07805222|0,4993552
-0,1251942|0,09494977|0,5011966
-0,1369952|0,1050992|0,5029479
-0,0725138|-0,008867225|0,447176
-0,09472594|0,02901332|0,4859451
-0,1210389|0,05584025|0,4989382
-0,1385264|0,06673167|0,4907382
-0,152095|0,07462277|0,4849163
-0,07832198|-0,01534483|0,4492913
-0,1063986|0,01188153|0,4886175
-0,1212908|0,02500744|0,5085828
-0,1329719|0,0313236|0,5191023
-0,141694|0,0382139|0,527224
#END#
#START#
-0,09962905|-0,1121211|0,4385594
-0,07772429|-0,1481478|0,416325
-0,1011862|-0,1414656|0,4139834
-0,1421832|-0,1320196|0,4248534
-0,1578763|-0,1190068|0,450971
-0,1637407|-0,1127946|0,4666634
-0,09421214|-0,1376331|0,420269
-0,1328977|-0,08846951|0,4269831
-0,1596946|-0,05963254|0,442665
-0,1759311|-0,04608685|0,4535282
-0,184455|-0,0374676|0,4605784
-0,08902663|-0,1372381|0,4255063
-0,1180258|-0,08548337|0,442624
-0,1472453|-0,05527158|0,4662101
-0,1641388|-0,04294312|0,4802704
-0,1742313|-0,03540111|0,4895769
-0,08250701|-0,1366701|0,4329215
-0,107779|-0,08993568|0,4591997
-0,1331557|-0,06609187|0,4821685
-0,149941|-0,06066665|0,4959505
-0,1621071|-0,05659874|0,5066932
-0,07759574|-0,138854|0,4400764
-0,09719334|-0,09843038|0,4738424
-0,1147464|-0,08088921|0,4895121
-0,1257594|-0,07583731|0,50132
-0,136381|-0,07219255|0,5092773
#END#
#START#
0,02583918|-0,08618986|0,5063138
0,03556947|-0,1253733|0,4823531
0,01384168|-0,1199418|0,4922624
-0,01746412|-0,1088442|0,5192168
-0,02379684|-0,09284431|0,5462178
-0,02611956|-0,084382|0,5618868
0,02268233|-0,114839|0,4929417
-0,01023763|-0,06626947|0,5121185
-0,02707682|-0,03364841|0,5311766
-0,03587691|-0,01768162|0,5453799
-0,04020619|-0,007206036|0,5540826
0,02990013|-0,1132748|0,4940313
0,01012382|-0,05948448|0,5153323
-0,00471839|-0,02338701|0,5412714
-0,01226366|-0,0077068|0,5586421
-0,01658043|0,002146082|0,5701657
0,03940029|-0,1110358|0,4960361
0,0283018|-0,05965599|0,5230405
0,01790349|-0,02740191|0,5461246
0,01204883|-0,01427585|0,562514
0,008376281|-0,002958899|0,5741401
0,0476286|-0,1116538|0,4992133
0,04598549|-0,06585552|0,5298414
0,03883476|-0,04551202|0,548243
0,0357036|-0,03889943|0,5632007
0,03095319|-0,0342863|0,5750766
#END#
#START#
-0,06163007|-0,08366444|0,523697
-0,0457444|-0,1202421|0,4988895
-0,07286782|-0,1175171|0,5067057
-0,1133815|-0,1067562|0,5076417
-0,1376641|-0,09121319|0,5150962
-0,1551656|-0,08446929|0,5172172
-0,06350511|-0,111751|0,5090095
-0,1002805|-0,06831174|0,5277625
-0,122269|-0,03634056|0,5444869
-0,1340908|-0,01951642|0,5552799
-0,1403325|-0,008609501|0,5621085
-0,0554017|-0,1095768|0,5106291
-0,08105532|-0,05921589|0,5327981
-0,1017621|-0,02208625|0,5565628
-0,1107685|-0,0007358421|0,5656807
-0,1158969|0,01280279|0,5718689
-0,04495255|-0,106523|0,5133348
-0,06312788|-0,0569711|0,5415158
-0,07642313|-0,02197947|0,5591626
-0,08249196|-0,002928086|0,5685259
-0,08625695|0,01210357|0,5746494
-0,03693317|-0,1064249|0,5170903
-0,04370876|-0,06158787|0,5476628
-0,04613092|-0,03507265|0,5592449
-0,04534672|-0,02062374|0,5673377
-0,0462961|-0,008143674|0,5727425
#END#
#START#
0,05238215|-0,01307753|0,4873481
0,03712257|-0,05146107|0,4667965
0,02007763|-0,03186082|0,47569
-0,001438207|0,004426583|0,4841123
-0,009708592|0,03164122|0,4942285
-0,01963534|0,0475088|0,4972769
0,03099372|-0,03373564|0,476545
0,03419562|0,02450396|0,4918068
0,0403089|0,06448445|0,5034599
0,04342716|0,0857747|0,5123801
0,04618143|0,09843186|0,518552
0,03841895|-0,03734173|0,4774206
0,05538104|0,01919327|0,4944284
0,06856962|0,06353237|0,5078102
0,07672976|0,08619131|0,5134919
0,08248257|0,100329|0,5173541
0,04827185|-0,04174372|0,4791675
0,07159336|0,009678341|0,5014493
0,0878197|0,04659979|0,5082734
0,09677974|0,06575872|0,5140854
0,1046321|0,08014145|0,5167978
0,0547097|-0,04682424|0,4824973
0,08352324|-0,007144359|0,5067319
0,1026016|0,01559341|0,5096746
0,1145986|0,02657223|0,5135596
0,1232393|0,03688139|0,5157434
#END#
#START#
-0,006344875|-0,01168524|0,4773924
-0,00850989|-0,05554722|0,4633853
-0,02730129|-0,0425652|0,4687621
-0,05485575|-0,01978284|0,4910682
-0,05362106|0,001287976|0,5160154
-0,04615233|0,01012977|0,5288332
-0,01760357|-0,04005712|0,4695966
-0,03413253|0,01979201|0,4743703
-0,0401463|0,06226179|0,4758998
-0,04291879|0,08532506|0,4766168
-0,04326642|0,09959648|0,4768322
-0,01047534|-0,04042157|0,4712796
-0,01209776|0,02057372|0,4783465
-0,006982601|0,0673077|0,4872864
-0,003317382|0,09152067|0,4912406
-0,0005581685|0,1067115|0,4943799
-0,001021846|-0,04060354|0,4740075
0,003771161|0,01341997|0,489653
0,003374611|0,0380717|0,5178581
-0,005602295|0,03483213|0,5374848
-0,01328903|0,02921255|0,5517333
0,006419521|-0,04292397|0,4781876
0,01712275|0,00268893|0,5002324
0,01263199|0,01412499|0,524
0,00696667|0,01468208|0,5400345
-0,0006124047|0,01411207|0,5513489
#END#
#START#
-0,04921206|0,06632841|0,4600318
-0,04417021|0,02091819|0,4507023
-0,06506939|0,0314316|0,4554262
-0,09670745|0,05046344|0,4758228
-0,1048857|0,07147171|0,4988261
-0,1056748|0,08299805|0,5121865
-0,0559068|0,03570965|0,4556808
-0,08195166|0,09233131|0,4549508
-0,0960521|0,132848|0,448782
-0,1026888|0,154553|0,4440831
-0,1050946|0,1680529|0,4402543
-0,04873116|0,03679012|0,4570309
-0,0599235|0,09707472|0,4577475
-0,05969745|0,1446562|0,4615536
-0,05852818|0,1694164|0,4621873
-0,05721313|0,1850896|0,4629909
-0,03923539|0,03853374|0,4592918
-0,04261477|0,09350136|0,468979
-0,04354271|0,1193702|0,4959164
-0,05053145|0,1171823|0,5164494
-0,05627454|0,1128212|0,5319254
-0,03135519|0,03792627|0,4632817
-0,02763301|0,08542515|0,4799699
-0,03257611|0,09430169|0,5047353
-0,03773047|0,09381122|0,5208938
-0,04474227|0,09215651|0,5324603
#END#